target_weight,target_shares,order_shares,expected_return,score,confidence,reason,family,model_ensemble_id,regime,observed_date,prior_regime,market_volatility,median_R5,median_R20,breadth,dispersion,above_EMA20,above_EMA50,model_train_end,latest_label_end,expert_weights,uncertainty,sign_agreement,lower_bound,upper_bound,symbol,signal_date,decision_date
0.0412685,2267000,2267000,0.0032102204696932203,0.0032102204696932203,0.2203476495134018,D-1 estimated accounting; fill-day constraints require ledger audit,adaptive,V4_CAUSAL_7_EXPERTS_RIDGE_ANCHOR20,disabled,2013-12-31,risk_on,0.013861522160882862,0.01987838026328692,0.029345506481311512,0.8153846153846154,0.0695043208505033,0.8538461538461538,0.8461538461538461,2013-12-06,2013-12-09,"{""long_momentum"": 0.12740130995955415, ""mean_reversion"": 0.1183807633438153, ""medium_momentum"": 0.12606025668655163, ""ridge"": 0.1278183691103441, ""risk_adjusted"": 0.12676634575365064, ""short_momentum"": 0.12320418064086074, ""trend"": 0.1273736938305839, ""volume_momentum"": 0.12299508067463955}",0.020228277289119908,0.7632384733123694,-0.020566107133619685,0.03181834339212333,1519.TW,2013-12-31,2014-01-02
0.041255175,1244000,1244000,0.004386905690364913,0.004386905690364913,0.2386198276268736,D-1 estimated accounting; fill-day constraints require ledger audit,adaptive,V4_CAUSAL_7_EXPERTS_RIDGE_ANCHOR20,disabled,2013-12-31,risk_on,0.013861522160882862,0.01987838026328692,0.029345506481311512,0.8153846153846154,0.0695043208505033,0.8538461538461538,0.8461538461538461,2013-12-06,2013-12-09,"{""long_momentum"": 0.12740130995955415, ""mean_reversion"": 0.1183807633438153, ""medium_momentum"": 0.12606025668655163, ""ridge"": 0.1278183691103441, ""risk_adjusted"": 0.12676634575365064, ""short_momentum"": 0.12320418064086074, ""trend"": 0.1273736938305839, ""volume_momentum"": 0.12299508067463955}",0.020258131405032603,0.7535916387182786,-0.01950026745636846,0.03310587415621549,1802.TW,2013-12-31,2014-01-02
0.0412695,1528000,1528000,0.002719186225662134,0.002719186225662134,0.21244472417882937,D-1 estimated accounting; fill-day constraints require ledger audit,adaptive,V4_CAUSAL_7_EXPERTS_RIDGE_ANCHOR20,disabled,2013-12-31,risk_on,0.013861522160882862,0.01987838026328692,0.029345506481311512,0.8153846153846154,0.0695043208505033,0.8538461538461538,0.8461538461538461,2013-12-06,2013-12-09,"{""long_momentum"": 0.12740130995955415, ""mean_reversion"": 0.1183807633438153, ""medium_momentum"": 0.12606025668655163, ""ridge"": 0.1278183691103441, ""risk_adjusted"": 0.12676634575365064, ""short_momentum"": 0.12320418064086074, ""trend"": 0.1273736938305839, ""volume_momentum"": 0.12299508067463955}",0.02001310947083579,0.7632384733123694,-0.020184345770361364,0.030454513540802836,2002.TW,2013-12-31,2014-01-02
0.04122195,871000,871000,0.004376575124634615,0.004376575124634615,0.22062313587583532,D-1 estimated accounting; fill-day constraints require ledger audit,adaptive,V4_CAUSAL_7_EXPERTS_RIDGE_ANCHOR20,disabled,2013-12-31,risk_on,0.013861522160882862,0.01987838026328692,0.029345506481311512,0.8153846153846154,0.0695043208505033,0.8538461538461538,0.8461538461538461,2013-12-06,2013-12-09,"{""long_momentum"": 0.12740130995955415, ""mean_reversion"": 0.1183807633438153, ""medium_momentum"": 0.12606025668655163, ""ridge"": 0.1278183691103441, ""risk_adjusted"": 0.12676634575365064, ""short_momentum"": 0.12320418064086074, ""trend"": 0.1273736938305839, ""volume_momentum"": 0.12299508067463955}",0.023061377742885643,0.7632384733123694,-0.02632248347020119,0.03990742903858763,2347.TW,2013-12-31,2014-01-02
0.0412812,5733000,5733000,0.003002055268545844,0.003002055268545844,0.2086301728935054,D-1 estimated accounting; fill-day constraints require ledger audit,adaptive,V4_CAUSAL_7_EXPERTS_RIDGE_ANCHOR20,disabled,2013-12-31,risk_on,0.013861522160882862,0.01987838026328692,0.029345506481311512,0.8153846153846154,0.0695043208505033,0.8538461538461538,0.8461538461538461,2013-12-06,2013-12-09,"{""long_momentum"": 0.12740130995955415, ""mean_reversion"": 0.1183807633438153, ""medium_momentum"": 0.12606025668655163, ""ridge"": 0.1278183691103441, ""risk_adjusted"": 0.12676634575365064, ""short_momentum"": 0.12320418064086074, ""trend"": 0.1273736938305839, ""volume_momentum"": 0.12299508067463955}",0.021272120953527623,0.7632384733123694,-0.02388899578497201,0.0347249016411809,2368.TW,2013-12-31,2014-01-02
0.04119675,199000,199000,0.004156668066352785,0.004156668066352785,0.23106362121988802,D-1 estimated accounting; fill-day constraints require ledger audit,adaptive,V4_CAUSAL_7_EXPERTS_RIDGE_ANCHOR20,disabled,2013-12-31,risk_on,0.013861522160882862,0.01987838026328692,0.029345506481311512,0.8153846153846154,0.0695043208505033,0.8538461538461538,0.8461538461538461,2013-12-06,2013-12-09,"{""long_momentum"": 0.12740130995955415, ""mean_reversion"": 0.1183807633438153, ""medium_momentum"": 0.12606025668655163, ""ridge"": 0.1278183691103441, ""risk_adjusted"": 0.12676634575365064, ""short_momentum"": 0.12320418064086074, ""trend"": 0.1273736938305839, ""volume_momentum"": 0.12299508067463955}",0.02108920672213466,0.7632384733123694,-0.022266331645439494,0.03541146309726227,2395.TW,2013-12-31,2014-01-02
0.04127396,4335000,4335000,0.0027858568201547256,0.0027858568201547256,0.21362282368887642,D-1 estimated accounting; fill-day constraints require ledger audit,adaptive,V4_CAUSAL_7_EXPERTS_RIDGE_ANCHOR20,disabled,2013-12-31,risk_on,0.013861522160882862,0.01987838026328692,0.029345506481311512,0.8153846153846154,0.0695043208505033,0.8538461538461538,0.8461538461538461,2013-12-06,2013-12-09,"{""long_momentum"": 0.12740130995955415, ""mean_reversion"": 0.1183807633438153, ""medium_momentum"": 0.12606025668655163, ""ridge"": 0.1278183691103441, ""risk_adjusted"": 0.12676634575365064, ""short_momentum"": 0.12320418064086074, ""trend"": 0.1273736938305839, ""volume_momentum"": 0.12299508067463955}",0.020031702044708378,0.7632384733123694,-0.020199229269437728,0.030602738228864383,2409.TW,2013-12-31,2014-01-02
0.041278325,2018000,2018000,0.0042806735014799795,0.0042806735014799795,0.2254156004300344,D-1 estimated accounting; fill-day constraints require ledger audit,adaptive,V4_CAUSAL_7_EXPERTS_RIDGE_ANCHOR20,disabled,2013-12-31,risk_on,0.013861522160882862,0.01987838026328692,0.029345506481311512,0.8153846153846154,0.0695043208505033,0.8538461538461538,0.8461538461538461,2013-12-06,2013-12-09,"{""long_momentum"": 0.12740130995955415, ""mean_reversion"": 0.1183807633438153, ""medium_momentum"": 0.12606025668655163, ""ridge"": 0.1278183691103441, ""risk_adjusted"": 0.12676634575365064, ""short_momentum"": 0.12320418064086074, ""trend"": 0.1273736938305839, ""volume_momentum"": 0.12299508067463955}",0.02214291502152782,0.7632384733123694,-0.02459894954941546,0.03799209187149263,2449.TW,2013-12-31,2014-01-02
0.041271075,2958000,2958000,0.004801028969963591,0.004801028969963591,0.16602494702223264,D-1 estimated accounting; fill-day constraints require ledger audit,adaptive,V4_CAUSAL_7_EXPERTS_RIDGE_ANCHOR20,disabled,2013-12-31,risk_on,0.013861522160882862,0.01987838026328692,0.029345506481311512,0.8153846153846154,0.0695043208505033,0.8538461538461538,0.8461538461538461,2013-12-06,2013-12-09,"{""long_momentum"": 0.12740130995955415, ""mean_reversion"": 0.1183807633438153, ""medium_momentum"": 0.12606025668655163, ""ridge"": 0.1278183691103441, ""risk_adjusted"": 0.12676634575365064, ""short_momentum"": 0.12320418064086074, ""trend"": 0.1273736938305839, ""volume_momentum"": 0.12299508067463955}",0.020164463566354707,0.5076017350916813,-0.018730953175885977,0.03316480643493036,2609.TW,2013-12-31,2014-01-02
0.0412693,2318000,2318000,0.004312252366873264,0.004312252366873264,0.15582326387176065,D-1 estimated accounting; fill-day constraints require ledger audit,adaptive,V4_CAUSAL_7_EXPERTS_RIDGE_ANCHOR20,disabled,2013-12-31,risk_on,0.013861522160882862,0.01987838026328692,0.029345506481311512,0.8153846153846154,0.0695043208505033,0.8538461538461538,0.8461538461538461,2013-12-06,2013-12-09,"{""long_momentum"": 0.12740130995955415, ""mean_reversion"": 0.1183807633438153, ""medium_momentum"": 0.12606025668655163, ""ridge"": 0.1278183691103441, ""risk_adjusted"": 0.12676634575365064, ""short_momentum"": 0.12320418064086074, ""trend"": 0.1273736938305839, ""volume_momentum"": 0.12299508067463955}",0.021022855123409054,0.5076017350916813,-0.021935134163079132,0.03539143421594286,2885.TW,2013-12-31,2014-01-02
0.04128005,2033000,2033000,0.002753530629275107,0.002753530629275107,0.1992607925509819,D-1 estimated accounting; fill-day constraints require ledger audit,adaptive,V4_CAUSAL_7_EXPERTS_RIDGE_ANCHOR20,disabled,2013-12-31,risk_on,0.013861522160882862,0.01987838026328692,0.029345506481311512,0.8153846153846154,0.0695043208505033,0.8538461538461538,0.8461538461538461,2013-12-06,2013-12-09,"{""long_momentum"": 0.12740130995955415, ""mean_reversion"": 0.1183807633438153, ""medium_momentum"": 0.12606025668655163, ""ridge"": 0.1278183691103441, ""risk_adjusted"": 0.12676634575365064, ""short_momentum"": 0.12320418064086074, ""trend"": 0.1273736938305839, ""volume_momentum"": 0.12299508067463955}",0.0219452013917497,0.7632384733123694,-0.025702459349774148,0.03604131592744157,3017.TW,2013-12-31,2014-01-02
0.041278125,1487000,1487000,0.0037480173611688567,0.0037480173611688567,0.22894153411564028,D-1 estimated accounting; fill-day constraints require ledger audit,adaptive,V4_CAUSAL_7_EXPERTS_RIDGE_ANCHOR20,disabled,2013-12-31,risk_on,0.013861522160882862,0.01987838026328692,0.029345506481311512,0.8153846153846154,0.0695043208505033,0.8538461538461538,0.8461538461538461,2013-12-06,2013-12-09,"{""long_momentum"": 0.12740130995955415, ""mean_reversion"": 0.1183807633438153, ""medium_momentum"": 0.12606025668655163, ""ridge"": 0.1278183691103441, ""risk_adjusted"": 0.12676634575365064, ""short_momentum"": 0.12320418064086074, ""trend"": 0.1273736938305839, ""volume_momentum"": 0.12299508067463955}",0.019694627448630417,0.7443632617793119,-0.017427946004523607,0.029755776045978524,3105.TWO,2013-12-31,2014-01-02
0.04125525,410000,410000,0.002969426812968104,0.002969426812968104,0.2104266853496612,D-1 estimated accounting; fill-day constraints require ledger audit,adaptive,V4_CAUSAL_7_EXPERTS_RIDGE_ANCHOR20,disabled,2013-12-31,risk_on,0.013861522160882862,0.01987838026328692,0.029345506481311512,0.8153846153846154,0.0695043208505033,0.8538461538461538,0.8461538461538461,2013-12-06,2013-12-09,"{""long_momentum"": 0.12740130995955415, ""mean_reversion"": 0.1183807633438153, ""medium_momentum"": 0.12606025668655163, ""ridge"": 0.1278183691103441, ""risk_adjusted"": 0.12676634575365064, ""short_momentum"": 0.12320418064086074, ""trend"": 0.1273736938305839, ""volume_momentum"": 0.12299508067463955}",0.020936475229813047,0.7632384733123694,-0.023044150341411634,0.033814799286465046,3163.TWO,2013-12-31,2014-01-02
0.041267,711000,711000,0.005492274807123438,0.005492274807123438,0.2524941116463408,D-1 estimated accounting; fill-day constraints require ledger audit,adaptive,V4_CAUSAL_7_EXPERTS_RIDGE_ANCHOR20,disabled,2013-12-31,risk_on,0.013861522160882862,0.01987838026328692,0.029345506481311512,0.8153846153846154,0.0695043208505033,0.8538461538461538,0.8461538461538461,2013-12-06,2013-12-09,"{""long_momentum"": 0.12740130995955415, ""mean_reversion"": 0.1183807633438153, ""medium_momentum"": 0.12606025668655163, ""ridge"": 0.1278183691103441, ""risk_adjusted"": 0.12676634575365064, ""short_momentum"": 0.12320418064086074, ""trend"": 0.1273736938305839, ""volume_momentum"": 0.12299508067463955}",0.02043939266025327,0.7443632617793119,-0.01902819544253337,0.034844540375897445,3293.TWO,2013-12-31,2014-01-02
0.04127805,511000,511000,0.005109350894886578,0.005109350894886578,0.16967938110570283,D-1 estimated accounting; fill-day constraints require ledger audit,adaptive,V4_CAUSAL_7_EXPERTS_RIDGE_ANCHOR20,disabled,2013-12-31,risk_on,0.013861522160882862,0.01987838026328692,0.029345506481311512,0.8153846153846154,0.0695043208505033,0.8538461538461538,0.8461538461538461,2013-12-06,2013-12-09,"{""long_momentum"": 0.12740130995955415, ""mean_reversion"": 0.1183807633438153, ""medium_momentum"": 0.12606025668655163, ""ridge"": 0.1278183691103441, ""risk_adjusted"": 0.12676634575365064, ""short_momentum"": 0.12320418064086074, ""trend"": 0.1273736938305839, ""volume_momentum"": 0.12299508067463955}",0.020133121828999373,0.5076017350916813,-0.018298572620598176,0.03334906972948854,3653.TW,2013-12-31,2014-01-02
0.041229,763000,763000,0.0032545586236478966,0.0032545586236478966,0.2158777746541832,D-1 estimated accounting; fill-day constraints require ledger audit,adaptive,V4_CAUSAL_7_EXPERTS_RIDGE_ANCHOR20,disabled,2013-12-31,risk_on,0.013861522160882862,0.01987838026328692,0.029345506481311512,0.8153846153846154,0.0695043208505033,0.8538461538461538,0.8461538461538461,2013-12-06,2013-12-09,"{""long_momentum"": 0.12740130995955415, ""mean_reversion"": 0.1183807633438153, ""medium_momentum"": 0.12606025668655163, ""ridge"": 0.1278183691103441, ""risk_adjusted"": 0.12676634575365064, ""short_momentum"": 0.12320418064086074, ""trend"": 0.1273736938305839, ""volume_momentum"": 0.12299508067463955}",0.02092953284604055,0.7632384733123694,-0.022739958057426436,0.03408087062383943,3680.TWO,2013-12-31,2014-01-02
0.0411245,176000,176000,0.013237764396964532,0.013237764396964532,0.30646041973636384,D-1 estimated accounting; fill-day constraints require ledger audit,adaptive,V4_CAUSAL_7_EXPERTS_RIDGE_ANCHOR20,disabled,2013-12-31,risk_on,0.013861522160882862,0.01987838026328692,0.029345506481311512,0.8153846153846154,0.0695043208505033,0.8538461538461538,0.8461538461538461,2013-12-06,2013-12-09,"{""long_momentum"": 0.12740130995955415, ""mean_reversion"": 0.1183807633438153, ""medium_momentum"": 0.12606025668655163, ""ridge"": 0.1278183691103441, ""risk_adjusted"": 0.12676634575365064, ""short_momentum"": 0.12320418064086074, ""trend"": 0.1273736938305839, ""volume_momentum"": 0.12299508067463955}",0.027183316299017463,0.7632384733123694,-0.024085832864245205,0.05539315697729147,4966.TWO,2013-12-31,2014-01-02
0.041302325,935000,935000,0.00964393664644394,0.00964393664644394,0.41601806386492174,D-1 estimated accounting; fill-day constraints require ledger audit,adaptive,V4_CAUSAL_7_EXPERTS_RIDGE_ANCHOR20,disabled,2013-12-31,risk_on,0.013861522160882862,0.01987838026328692,0.029345506481311512,0.8153846153846154,0.0695043208505033,0.8538461538461538,0.8461538461538461,2013-12-06,2013-12-09,"{""long_momentum"": 0.12740130995955415, ""mean_reversion"": 0.1183807633438153, ""medium_momentum"": 0.12606025668655163, ""ridge"": 0.1278183691103441, ""risk_adjusted"": 0.12676634575365064, ""short_momentum"": 0.12320418064086074, ""trend"": 0.1273736938305839, ""volume_momentum"": 0.12299508067463955}",0.02055630564687803,1.0,-0.015255114370028166,0.03937478298203325,4979.TWO,2013-12-31,2014-01-02
0.04124445,813000,813000,0.005590756190207062,0.005590756190207062,0.24545284705213263,D-1 estimated accounting; fill-day constraints require ledger audit,adaptive,V4_CAUSAL_7_EXPERTS_RIDGE_ANCHOR20,disabled,2013-12-31,risk_on,0.013861522160882862,0.01987838026328692,0.029345506481311512,0.8153846153846154,0.0695043208505033,0.8538461538461538,0.8461538461538461,2013-12-06,2013-12-09,"{""long_momentum"": 0.12740130995955415, ""mean_reversion"": 0.1183807633438153, ""medium_momentum"": 0.12606025668655163, ""ridge"": 0.1278183691103441, ""risk_adjusted"": 0.12676634575365064, ""short_momentum"": 0.12320418064086074, ""trend"": 0.1273736938305839, ""volume_momentum"": 0.12299508067463955}",0.022341322956221935,0.7632384733123694,-0.02370106341182383,0.03971437111135516,5483.TWO,2013-12-31,2014-01-02
0.04127725,1802000,1802000,0.0027774298012390023,0.0027774298012390023,0.2098866727393158,D-1 estimated accounting; fill-day constraints require ledger audit,adaptive,V4_CAUSAL_7_EXPERTS_RIDGE_ANCHOR20,disabled,2013-12-31,risk_on,0.013861522160882862,0.01987838026328692,0.029345506481311512,0.8153846153846154,0.0695043208505033,0.8538461538461538,0.8461538461538461,2013-12-06,2013-12-09,"{""long_momentum"": 0.12740130995955415, ""mean_reversion"": 0.1183807633438153, ""medium_momentum"": 0.12606025668655163, ""ridge"": 0.1278183691103441, ""risk_adjusted"": 0.12676634575365064, ""short_momentum"": 0.12320418064086074, ""trend"": 0.1273736938305839, ""volume_momentum"": 0.12299508067463955}",0.020504659625012824,0.7632384733123694,-0.021956900353550586,0.0323435552751458,6274.TWO,2013-12-31,2014-01-02
0.041264775,1525000,1525000,0.00515723247424401,0.00515723247424401,0.24093904828293794,D-1 estimated accounting; fill-day constraints require ledger audit,adaptive,V4_CAUSAL_7_EXPERTS_RIDGE_ANCHOR20,disabled,2013-12-31,risk_on,0.013861522160882862,0.01987838026328692,0.029345506481311512,0.8153846153846154,0.0695043208505033,0.8538461538461538,0.8461538461538461,2013-12-06,2013-12-09,"{""long_momentum"": 0.12740130995955415, ""mean_reversion"": 0.1183807633438153, ""medium_momentum"": 0.12606025668655163, ""ridge"": 0.1278183691103441, ""risk_adjusted"": 0.12676634575365064, ""short_momentum"": 0.12320418064086074, ""trend"": 0.1273736938305839, ""volume_momentum"": 0.12299508067463955}",0.022018501023371054,0.7632384733123694,-0.023457413618138974,0.0386036738857442,6290.TWO,2013-12-31,2014-01-02
0.04127245,1106000,1106000,0.003088504278239386,0.003088504278239386,0.21091717464980406,D-1 estimated accounting; fill-day constraints require ledger audit,adaptive,V4_CAUSAL_7_EXPERTS_RIDGE_ANCHOR20,disabled,2013-12-31,risk_on,0.013861522160882862,0.01987838026328692,0.029345506481311512,0.8153846153846154,0.0695043208505033,0.8538461538461538,0.8461538461538461,2013-12-06,2013-12-09,"{""long_momentum"": 0.12740130995955415, ""mean_reversion"": 0.1183807633438153, ""medium_momentum"": 0.12606025668655163, ""ridge"": 0.1278183691103441, ""risk_adjusted"": 0.12676634575365064, ""short_momentum"": 0.12320418064086074, ""trend"": 0.1273736938305839, ""volume_momentum"": 0.12299508067463955}",0.02118107828161657,0.7632384733123694,-0.0235723837488637,0.03458118762445968,8046.TW,2013-12-31,2014-01-02
0.04140563952046962,2267000,0,0.003614450774577498,0.003614450774577498,0.2289569584024612,D-1 estimated accounting; fill-day constraints require ledger audit,adaptive,V4_CAUSAL_7_EXPERTS_RIDGE_ANCHOR20,disabled,2014-01-02,risk_on,0.013964856802774088,0.018713456558538066,0.03690478984828416,0.813953488372093,0.0712675205412263,0.8992248062015504,0.8604651162790697,2013-12-06,2013-12-09,"{""long_momentum"": 0.12740130995955415, ""mean_reversion"": 0.1183807633438153, ""medium_momentum"": 0.12606025668655163, ""ridge"": 0.1278183691103441, ""risk_adjusted"": 0.12676634575365064, ""short_momentum"": 0.12320418064086074, ""trend"": 0.1273736938305839, ""volume_momentum"": 0.12299508067463955}",0.02010221415445141,0.7632384733123694,-0.019668255237755575,0.031728952106027775,1519.TW,2014-01-02,2014-01-03
0.040967563089108074,1244000,0,0.003655039557049835,0.003655039557049835,0.2264230553319356,D-1 estimated accounting; fill-day constraints require ledger audit,adaptive,V4_CAUSAL_7_EXPERTS_RIDGE_ANCHOR20,disabled,2014-01-02,risk_on,0.013964856802774088,0.018713456558538066,0.03690478984828416,0.813953488372093,0.0712675205412263,0.8992248062015504,0.8604651162790697,2013-12-06,2013-12-09,"{""long_momentum"": 0.12740130995955415, ""mean_reversion"": 0.1183807633438153, ""medium_momentum"": 0.12606025668655163, ""ridge"": 0.1278183691103441, ""risk_adjusted"": 0.12676634575365064, ""short_momentum"": 0.12320418064086074, ""trend"": 0.1273736938305839, ""volume_momentum"": 0.12299508067463955}",0.020151061629982283,0.7535916387182786,-0.019824240065049722,0.0319661144982666,1802.TW,2014-01-02,2014-01-03
0.040604979986693546,1528000,0,0.0021355634526941812,0.0021355634526941812,0.20144798323058954,D-1 estimated accounting; fill-day constraints require ledger audit,adaptive,V4_CAUSAL_7_EXPERTS_RIDGE_ANCHOR20,disabled,2014-01-02,risk_on,0.013964856802774088,0.018713456558538066,0.03690478984828416,0.813953488372093,0.0712675205412263,0.8992248062015504,0.8604651162790697,2013-12-06,2013-12-09,"{""long_momentum"": 0.12740130995955415, ""mean_reversion"": 0.1183807633438153, ""medium_momentum"": 0.12606025668655163, ""ridge"": 0.1278183691103441, ""risk_adjusted"": 0.12676634575365064, ""short_momentum"": 0.12320418064086074, ""trend"": 0.1273736938305839, ""volume_momentum"": 0.12299508067463955}",0.019557684448124377,0.7535916387182786,-0.01780744262734746,0.026910364851853025,2002.TW,2014-01-02,2014-01-03
0.0419868230873202,871000,0,0.004715079481548528,0.004715079481548528,0.22302263988833965,D-1 estimated accounting; fill-day constraints require ledger audit,adaptive,V4_CAUSAL_7_EXPERTS_RIDGE_ANCHOR20,disabled,2014-01-02,risk_on,0.013964856802774088,0.018713456558538066,0.03690478984828416,0.813953488372093,0.0712675205412263,0.8992248062015504,0.8604651162790697,2013-12-06,2013-12-09,"{""long_momentum"": 0.12740130995955415, ""mean_reversion"": 0.1183807633438153, ""medium_momentum"": 0.12606025668655163, ""ridge"": 0.1278183691103441, ""risk_adjusted"": 0.12676634575365064, ""short_momentum"": 0.12320418064086074, ""trend"": 0.1273736938305839, ""volume_momentum"": 0.12299508067463955}",0.023532318340115856,0.7632384733123694,-0.026844504549501526,0.041106458831715785,2347.TW,2014-01-02,2014-01-03
0.04216542559516702,5733000,0,0.003628352852809372,0.003628352852809372,0.21109403492602846,D-1 estimated accounting; fill-day constraints require ledger audit,adaptive,V4_CAUSAL_7_EXPERTS_RIDGE_ANCHOR20,disabled,2014-01-02,risk_on,0.013964856802774088,0.018713456558538066,0.03690478984828416,0.813953488372093,0.0712675205412263,0.8992248062015504,0.8604651162790697,2013-12-06,2013-12-09,"{""long_momentum"": 0.12740130995955415, ""mean_reversion"": 0.1183807633438153, ""medium_momentum"": 0.12606025668655163, ""ridge"": 0.1278183691103441, ""risk_adjusted"": 0.12676634575365064, ""short_momentum"": 0.12320418064086074, ""trend"": 0.1273736938305839, ""volume_momentum"": 0.12299508067463955}",0.0225686009639403,0.7632384733123694,-0.026121541974068047,0.038210042998804,2368.TW,2014-01-02,2014-01-03
0.04052175722148257,199000,0,0.0029828860351487933,0.0029828860351487933,0.14645971352257103,D-1 estimated accounting; fill-day constraints require ledger audit,adaptive,V4_CAUSAL_7_EXPERTS_RIDGE_ANCHOR20,disabled,2014-01-02,risk_on,0.013964856802774088,0.018713456558538066,0.03690478984828416,0.813953488372093,0.0712675205412263,0.8992248062015504,0.8604651162790697,2013-12-06,2013-12-09,"{""long_momentum"": 0.12740130995955415, ""mean_reversion"": 0.1183807633438153, ""medium_momentum"": 0.12606025668655163, ""ridge"": 0.1278183691103441, ""risk_adjusted"": 0.12676634575365064, ""short_momentum"": 0.12320418064086074, ""trend"": 0.1273736938305839, ""volume_momentum"": 0.12299508067463955}",0.019684290862996667,0.5076017350916813,-0.018119322955902958,0.02891689034531775,2395.TW,2014-01-02,2014-01-03
0.04108076305955766,4335000,0,0.002448009134141209,0.002448009134141209,0.2084484130516354,D-1 estimated accounting; fill-day constraints require ledger audit,adaptive,V4_CAUSAL_7_EXPERTS_RIDGE_ANCHOR20,disabled,2014-01-02,risk_on,0.013964856802774088,0.018713456558538066,0.03690478984828416,0.813953488372093,0.0712675205412263,0.8992248062015504,0.8604651162790697,2013-12-06,2013-12-09,"{""long_momentum"": 0.12740130995955415, ""mean_reversion"": 0.1183807633438153, ""medium_momentum"": 0.12606025668655163, ""ridge"": 0.1278183691103441, ""risk_adjusted"": 0.12676634575365064, ""short_momentum"": 0.12320418064086074, ""trend"": 0.1273736938305839, ""volume_momentum"": 0.12299508067463955}",0.019823040990622116,0.7632384733123694,-0.019522454757141518,0.02925026834454114,2409.TW,2014-01-02,2014-01-03
0.04311972330866231,2018000,0,0.0062507119444651805,0.0062507119444651805,0.22873311424815937,D-1 estimated accounting; fill-day constraints require ledger audit,adaptive,V4_CAUSAL_7_EXPERTS_RIDGE_ANCHOR20,disabled,2014-01-02,risk_on,0.013964856802774088,0.018713456558538066,0.03690478984828416,0.813953488372093,0.0712675205412263,0.8992248062015504,0.8604651162790697,2013-12-06,2013-12-09,"{""long_momentum"": 0.12740130995955415, ""mean_reversion"": 0.1183807633438153, ""medium_momentum"": 0.12606025668655163, ""ridge"": 0.1278183691103441, ""risk_adjusted"": 0.12676634575365064, ""short_momentum"": 0.12320418064086074, ""trend"": 0.1273736938305839, ""volume_momentum"": 0.12299508067463955}",0.02629075307862971,0.7632384733123694,-0.02976821797101528,0.047101437179062844,2449.TW,2014-01-02,2014-01-03
0.040998755992089166,2958000,0,0.0034003247935062955,0.0034003247935062955,0.1483723207498292,D-1 estimated accounting; fill-day constraints require ledger audit,adaptive,V4_CAUSAL_7_EXPERTS_RIDGE_ANCHOR20,disabled,2014-01-02,risk_on,0.013964856802774088,0.018713456558538066,0.03690478984828416,0.813953488372093,0.0712675205412263,0.8992248062015504,0.8604651162790697,2013-12-06,2013-12-09,"{""long_momentum"": 0.12740130995955415, ""mean_reversion"": 0.1183807633438153, ""medium_momentum"": 0.12606025668655163, ""ridge"": 0.1278183691103441, ""risk_adjusted"": 0.12676634575365064, ""short_momentum"": 0.12320418064086074, ""trend"": 0.1273736938305839, ""volume_momentum"": 0.12299508067463955}",0.019792149891518025,0.49795490049759034,-0.018395491731722405,0.0300279366378522,2609.TW,2014-01-02,2014-01-03
0.041061016726267136,2318000,0,0.0034552653316070174,0.0034552653316070174,0.22370851800148983,D-1 estimated accounting; fill-day constraints require ledger audit,adaptive,V4_CAUSAL_7_EXPERTS_RIDGE_ANCHOR20,disabled,2014-01-02,risk_on,0.013964856802774088,0.018713456558538066,0.03690478984828416,0.813953488372093,0.0712675205412263,0.8992248062015504,0.8604651162790697,2013-12-06,2013-12-09,"{""long_momentum"": 0.12740130995955415, ""mean_reversion"": 0.1183807633438153, ""medium_momentum"": 0.12606025668655163, ""ridge"": 0.1278183691103441, ""risk_adjusted"": 0.12676634575365064, ""short_momentum"": 0.12320418064086074, ""trend"": 0.1273736938305839, ""volume_momentum"": 0.12299508067463955}",0.020392021579049496,0.7632384733123694,-0.020905642954468034,0.032647968936799276,2885.TW,2014-01-02,2014-01-03
0.04171068960214917,2033000,0,0.00288913932558789,0.00288913932558789,0.1972065377411804,D-1 estimated accounting; fill-day constraints require ledger audit,adaptive,V4_CAUSAL_7_EXPERTS_RIDGE_ANCHOR20,disabled,2014-01-02,risk_on,0.013964856802774088,0.018713456558538066,0.03690478984828416,0.813953488372093,0.0712675205412263,0.8992248062015504,0.8604651162790697,2013-12-06,2013-12-09,"{""long_momentum"": 0.12740130995955415, ""mean_reversion"": 0.1183807633438153, ""medium_momentum"": 0.12606025668655163, ""ridge"": 0.1278183691103441, ""risk_adjusted"": 0.12676634575365064, ""short_momentum"": 0.12320418064086074, ""trend"": 0.1273736938305839, ""volume_momentum"": 0.12299508067463955}",0.02264379697347537,0.7632384733123694,-0.027009289000687296,0.037619362970980286,3017.TW,2014-01-02,2014-01-03
0.04197158934400385,1487000,0,0.004104447594635424,0.004104447594635424,0.23391041219284048,D-1 estimated accounting; fill-day constraints require ledger audit,adaptive,V4_CAUSAL_7_EXPERTS_RIDGE_ANCHOR20,disabled,2014-01-02,risk_on,0.013964856802774088,0.018713456558538066,0.03690478984828416,0.813953488372093,0.0712675205412263,0.8992248062015504,0.8604651162790697,2013-12-06,2013-12-09,"{""long_momentum"": 0.12740130995955415, ""mean_reversion"": 0.1183807633438153, ""medium_momentum"": 0.12606025668655163, ""ridge"": 0.1278183691103441, ""risk_adjusted"": 0.12676634575365064, ""short_momentum"": 0.12320418064086074, ""trend"": 0.1273736938305839, ""volume_momentum"": 0.12299508067463955}",0.01986825287093652,0.7443632617793119,-0.018107754292419308,0.031148444800807362,3105.TWO,2014-01-02,2014-01-03
0.04070391176800085,410000,0,0.003012351878996498,0.003012351878996498,0.21687683309608552,D-1 estimated accounting; fill-day constraints require ledger audit,adaptive,V4_CAUSAL_7_EXPERTS_RIDGE_ANCHOR20,disabled,2014-01-02,risk_on,0.013964856802774088,0.018713456558538066,0.03690478984828416,0.813953488372093,0.0712675205412263,0.8992248062015504,0.8604651162790697,2013-12-06,2013-12-09,"{""long_momentum"": 0.12740130995955415, ""mean_reversion"": 0.1183807633438153, ""medium_momentum"": 0.12606025668655163, ""ridge"": 0.1278183691103441, ""risk_adjusted"": 0.12676634575365064, ""short_momentum"": 0.12320418064086074, ""trend"": 0.1273736938305839, ""volume_momentum"": 0.12299508067463955}",0.020184920870082383,0.7632384733123694,-0.02059912030558796,0.031455619382698155,3163.TWO,2014-01-02,2014-01-03
0.04164665284863547,711000,0,0.004215360891875749,0.004215360891875749,0.23998852978695823,D-1 estimated accounting; fill-day constraints require ledger audit,adaptive,V4_CAUSAL_7_EXPERTS_RIDGE_ANCHOR20,disabled,2014-01-02,risk_on,0.013964856802774088,0.018713456558538066,0.03690478984828416,0.813953488372093,0.0712675205412263,0.8992248062015504,0.8604651162790697,2013-12-06,2013-12-09,"{""long_momentum"": 0.12740130995955415, ""mean_reversion"": 0.1183807633438153, ""medium_momentum"": 0.12606025668655163, ""ridge"": 0.1278183691103441, ""risk_adjusted"": 0.12676634575365064, ""short_momentum"": 0.12320418064086074, ""trend"": 0.1273736938305839, ""volume_momentum"": 0.12299508067463955}",0.020092364708099927,0.7632384733123694,-0.019026805466051365,0.032289322568920066,3293.TWO,2014-01-02,2014-01-03
0.04114821677421588,511000,0,0.005082422399352263,0.005082422399352263,0.170266893569989,D-1 estimated accounting; fill-day constraints require ledger audit,adaptive,V4_CAUSAL_7_EXPERTS_RIDGE_ANCHOR20,disabled,2014-01-02,risk_on,0.013964856802774088,0.018713456558538066,0.03690478984828416,0.813953488372093,0.0712675205412263,0.8992248062015504,0.8604651162790697,2013-12-06,2013-12-09,"{""long_momentum"": 0.12740130995955415, ""mean_reversion"": 0.1183807633438153, ""medium_momentum"": 0.12606025668655163, ""ridge"": 0.1278183691103441, ""risk_adjusted"": 0.12676634575365064, ""short_momentum"": 0.12320418064086074, ""trend"": 0.1273736938305839, ""volume_momentum"": 0.12299508067463955}",0.01997541795077266,0.5076017350916813,-0.017651338976514455,0.032647979094336185,3653.TW,2014-01-02,2014-01-03
0.042398584415284706,763000,0,0.004674493691245306,0.004674493691245306,0.22866770941544376,D-1 estimated accounting; fill-day constraints require ledger audit,adaptive,V4_CAUSAL_7_EXPERTS_RIDGE_ANCHOR20,disabled,2014-01-02,risk_on,0.013964856802774088,0.018713456558538066,0.03690478984828416,0.813953488372093,0.0712675205412263,0.8992248062015504,0.8604651162790697,2013-12-06,2013-12-09,"{""long_momentum"": 0.12740130995955415, ""mean_reversion"": 0.1183807633438153, ""medium_momentum"": 0.12606025668655163, ""ridge"": 0.1278183691103441, ""risk_adjusted"": 0.12676634575365064, ""short_momentum"": 0.12320418064086074, ""trend"": 0.1273736938305839, ""volume_momentum"": 0.12299508067463955}",0.02261666719829269,0.7632384733123694,-0.025170510633084252,0.03935129333469207,3680.TWO,2014-01-02,2014-01-03
0.04326733302838277,176000,0,0.014149847990644667,0.014149847990644667,0.3054018458177125,D-1 estimated accounting; fill-day constraints require ledger audit,adaptive,V4_CAUSAL_7_EXPERTS_RIDGE_ANCHOR20,disabled,2014-01-02,risk_on,0.013964856802774088,0.018713456558538066,0.03690478984828416,0.813953488372093,0.0712675205412263,0.8992248062015504,0.8604651162790697,2013-12-06,2013-12-09,"{""long_momentum"": 0.12740130995955415, ""mean_reversion"": 0.1183807633438153, ""medium_momentum"": 0.12606025668655163, ""ridge"": 0.1278183691103441, ""risk_adjusted"": 0.12676634575365064, ""short_momentum"": 0.12320418064086074, ""trend"": 0.1273736938305839, ""volume_momentum"": 0.12299508067463955}",0.028708083926595556,0.7632384733123694,-0.02530335085640884,0.05843484215681538,4966.TWO,2014-01-02,2014-01-03
0.041372845698650684,935000,0,0.00873008999058592,0.00873008999058592,0.29932003644509586,D-1 estimated accounting; fill-day constraints require ledger audit,adaptive,V4_CAUSAL_7_EXPERTS_RIDGE_ANCHOR20,disabled,2014-01-02,risk_on,0.013964856802774088,0.018713456558538066,0.03690478984828416,0.813953488372093,0.0712675205412263,0.8992248062015504,0.8604651162790697,2013-12-06,2013-12-09,"{""long_momentum"": 0.12740130995955415, ""mean_reversion"": 0.1183807633438153, ""medium_momentum"": 0.12606025668655163, ""ridge"": 0.1278183691103441, ""risk_adjusted"": 0.12676634575365064, ""short_momentum"": 0.12320418064086074, ""trend"": 0.1273736938305839, ""volume_momentum"": 0.12299508067463955}",0.02128037254748898,0.7632384733123694,-0.01818156288511895,0.040473538185408,4979.TWO,2014-01-02,2014-01-03
0.04265187979265963,813000,0,0.007499109289913952,0.007499109289913952,0.24315482371380182,D-1 estimated accounting; fill-day constraints require ledger audit,adaptive,V4_CAUSAL_7_EXPERTS_RIDGE_ANCHOR20,disabled,2014-01-02,risk_on,0.013964856802774088,0.018713456558538066,0.03690478984828416,0.813953488372093,0.0712675205412263,0.8992248062015504,0.8604651162790697,2013-12-06,2013-12-09,"{""long_momentum"": 0.12740130995955415, ""mean_reversion"": 0.1183807633438153, ""medium_momentum"": 0.12606025668655163, ""ridge"": 0.1278183691103441, ""risk_adjusted"": 0.12676634575365064, ""short_momentum"": 0.12320418064086074, ""trend"": 0.1273736938305839, ""volume_momentum"": 0.12299508067463955}",0.02673433443327913,0.7632384733123694,-0.029174395229325502,0.04900440912827061,5483.TWO,2014-01-02,2014-01-03
0.043465196590997394,1802000,0,0.005550784057427489,0.005550784057427489,0.2261577026970602,D-1 estimated accounting; fill-day constraints require ledger audit,adaptive,V4_CAUSAL_7_EXPERTS_RIDGE_ANCHOR20,disabled,2014-01-02,risk_on,0.013964856802774088,0.018713456558538066,0.03690478984828416,0.813953488372093,0.0712675205412263,0.8992248062015504,0.8604651162790697,2013-12-06,2013-12-09,"{""long_momentum"": 0.12740130995955415, ""mean_reversion"": 0.1183807633438153, ""medium_momentum"": 0.12606025668655163, ""ridge"": 0.1278183691103441, ""risk_adjusted"": 0.12676634575365064, ""short_momentum"": 0.12320418064086074, ""trend"": 0.1273736938305839, ""volume_momentum"": 0.12299508067463955}",0.02505607001035625,0.7632384733123694,-0.02856885353300815,0.044502216966980326,6274.TWO,2014-01-02,2014-01-03
0.04189902269480726,1525000,0,0.0058052342143701755,0.0058052342143701755,0.2514843300761347,D-1 estimated accounting; fill-day constraints require ledger audit,adaptive,V4_CAUSAL_7_EXPERTS_RIDGE_ANCHOR20,disabled,2014-01-02,risk_on,0.013964856802774088,0.018713456558538066,0.03690478984828416,0.813953488372093,0.0712675205412263,0.8992248062015504,0.8604651162790697,2013-12-06,2013-12-09,"{""long_momentum"": 0.12740130995955415, ""mean_reversion"": 0.1183807633438153, ""medium_momentum"": 0.12606025668655163, ""ridge"": 0.1278183691103441, ""risk_adjusted"": 0.12676634575365064, ""short_momentum"": 0.12320418064086074, ""trend"": 0.1273736938305839, ""volume_momentum"": 0.12299508067463955}",0.02198794404473556,0.7632384733123694,-0.022743508336904583,0.039185772084762135,6290.TWO,2014-01-02,2014-01-03
0.041240794908885506,1106000,0,0.0030929455369929815,0.0030929455369929815,0.2100064317314702,D-1 estimated accounting; fill-day constraints require ledger audit,adaptive,V4_CAUSAL_7_EXPERTS_RIDGE_ANCHOR20,disabled,2014-01-02,risk_on,0.013964856802774088,0.018713456558538066,0.03690478984828416,0.813953488372093,0.0712675205412263,0.8992248062015504,0.8604651162790697,2013-12-06,2013-12-09,"{""long_momentum"": 0.12740130995955415, ""mean_reversion"": 0.1183807633438153, ""medium_momentum"": 0.12606025668655163, ""ridge"": 0.1278183691103441, ""risk_adjusted"": 0.12676634575365064, ""short_momentum"": 0.12320418064086074, ""trend"": 0.1273736938305839, ""volume_momentum"": 0.12299508067463955}",0.021319712662698977,0.7632384733123694,-0.02391636041864316,0.034934046811746326,8046.TW,2014-01-02,2014-01-03
0.04125516072344537,2267000,0,0.004574134337018001,0.004574134337018001,0.32556710894641594,D-1 estimated accounting; fill-day constraints require ledger audit,adaptive,V4_CAUSAL_7_EXPERTS_RIDGE_ANCHOR20,disabled,2014-01-03,risk_on,0.014254947504373838,0.01123595505617958,0.03281856290983609,0.7054263565891473,0.06970342157235486,0.7984496124031008,0.7984496124031008,2013-12-06,2013-12-09,"{""long_momentum"": 0.12740130995955415, ""mean_reversion"": 0.1183807633438153, ""medium_momentum"": 0.12606025668655163, ""ridge"": 0.1278183691103441, ""risk_adjusted"": 0.12676634575365064, ""short_momentum"": 0.12320418064086074, ""trend"": 0.1273736938305839, ""volume_momentum"": 0.12299508067463955}",0.019833425806269626,1.0,-0.017453222820512548,0.03143328681366576,1519.TW,2014-01-03,2014-01-06
0.04024656183972287,1244000,0,0.002780885930947108,0.002780885930947108,0.2100320518345397,D-1 estimated accounting; fill-day constraints require ledger audit,adaptive,V4_CAUSAL_7_EXPERTS_RIDGE_ANCHOR20,disabled,2014-01-03,risk_on,0.014254947504373838,0.01123595505617958,0.03281856290983609,0.7054263565891473,0.06970342157235486,0.7984496124031008,0.7984496124031008,2013-12-06,2013-12-09,"{""long_momentum"": 0.12740130995955415, ""mean_reversion"": 0.1183807633438153, ""medium_momentum"": 0.12606025668655163, ""ridge"": 0.1278183691103441, ""risk_adjusted"": 0.12676634575365064, ""short_momentum"": 0.12320418064086074, ""trend"": 0.1273736938305839, ""volume_momentum"": 0.12299508067463955}",0.020136808193194,0.7535916387182786,-0.02064177742008481,0.03103534460109623,1802.TW,2014-01-03,2014-01-06
0.0402629565387273,1528000,0,0.0016363132310485676,0.0016363132310485676,0.12488570313675096,D-1 estimated accounting; fill-day constraints require ledger audit,adaptive,V4_CAUSAL_7_EXPERTS_RIDGE_ANCHOR20,disabled,2014-01-03,risk_on,0.014254947504373838,0.01123595505617958,0.03281856290983609,0.7054263565891473,0.06970342157235486,0.7984496124031008,0.7984496124031008,2013-12-06,2013-12-09,"{""long_momentum"": 0.12740130995955415, ""mean_reversion"": 0.1183807633438153, ""medium_momentum"": 0.12606025668655163, ""ridge"": 0.1278183691103441, ""risk_adjusted"": 0.12676634575365064, ""short_momentum"": 0.12320418064086074, ""trend"": 0.1273736938305839, ""volume_momentum"": 0.12299508067463955}",0.019824559484053834,0.49795490049759034,-0.020342524000759463,0.0284469457819738,2002.TW,2014-01-03,2014-01-06
0.041600674006579984,871000,0,0.004619027746003941,0.004619027746003941,0.22854331194780345,D-1 estimated accounting; fill-day constraints require ledger audit,adaptive,V4_CAUSAL_7_EXPERTS_RIDGE_ANCHOR20,disabled,2014-01-03,risk_on,0.014254947504373838,0.01123595505617958,0.03281856290983609,0.7054263565891473,0.06970342157235486,0.7984496124031008,0.7984496124031008,2013-12-06,2013-12-09,"{""long_momentum"": 0.12740130995955415, ""mean_reversion"": 0.1183807633438153, ""medium_momentum"": 0.12606025668655163, ""ridge"": 0.1278183691103441, ""risk_adjusted"": 0.12676634575365064, ""short_momentum"": 0.12320418064086074, ""trend"": 0.1273736938305839, ""volume_momentum"": 0.12299508067463955}",0.022504476499379998,0.7632384733123694,-0.025003050147434563,0.03907290095855965,2347.TW,2014-01-03,2014-01-06
0.04189833776118732,5733000,0,0.0034020513864039988,0.0034020513864039988,0.21762085031860506,D-1 estimated accounting; fill-day constraints require ledger audit,adaptive,V4_CAUSAL_7_EXPERTS_RIDGE_ANCHOR20,disabled,2014-01-03,risk_on,0.014254947504373838,0.01123595505617958,0.03281856290983609,0.7054263565891473,0.06970342157235486,0.7984496124031008,0.7984496124031008,2013-12-06,2013-12-09,"{""long_momentum"": 0.12740130995955415, ""mean_reversion"": 0.1183807633438153, ""medium_momentum"": 0.12606025668655163, ""ridge"": 0.1278183691103441, ""risk_adjusted"": 0.12676634575365064, ""short_momentum"": 0.12320418064086074, ""trend"": 0.1273736938305839, ""volume_momentum"": 0.12299508067463955}",0.021065570229183532,0.7632384733123694,-0.02295876930934022,0.03459466740126542,2368.TW,2014-01-03,2014-01-06
0.0398871030656668,199000,0,0.0026444073552808556,0.0026444073552808556,0.13747648514289268,D-1 estimated accounting; fill-day constraints require ledger audit,adaptive,V4_CAUSAL_7_EXPERTS_RIDGE_ANCHOR20,disabled,2014-01-03,risk_on,0.014254947504373838,0.01123595505617958,0.03281856290983609,0.7054263565891473,0.06970342157235486,0.7984496124031008,0.7984496124031008,2013-12-06,2013-12-09,"{""long_momentum"": 0.12740130995955415, ""mean_reversion"": 0.1183807633438153, ""medium_momentum"": 0.12606025668655163, ""ridge"": 0.1278183691103441, ""risk_adjusted"": 0.12676634575365064, ""short_momentum"": 0.12320418064086074, ""trend"": 0.1273736938305839, ""volume_momentum"": 0.12299508067463955}",0.02004447412874449,0.49795490049759034,-0.0203959181248941,0.030516528154573015,2395.TW,2014-01-03,2014-01-06
0.041433982903805934,4335000,0,0.0030470667986725775,0.0030470667986725775,0.21919471244566885,D-1 estimated accounting; fill-day constraints require ledger audit,adaptive,V4_CAUSAL_7_EXPERTS_RIDGE_ANCHOR20,disabled,2014-01-03,risk_on,0.014254947504373838,0.01123595505617958,0.03281856290983609,0.7054263565891473,0.06970342157235486,0.7984496124031008,0.7984496124031008,2013-12-06,2013-12-09,"{""long_momentum"": 0.12740130995955415, ""mean_reversion"": 0.1183807633438153, ""medium_momentum"": 0.12606025668655163, ""ridge"": 0.1278183691103441, ""risk_adjusted"": 0.12676634575365064, ""short_momentum"": 0.12320418064086074, ""trend"": 0.1273736938305839, ""volume_momentum"": 0.12299508067463955}",0.01997291100797215,0.7632384733123694,-0.019675178980455343,0.030601107896917702,2409.TW,2014-01-03,2014-01-06
0.04237479870423602,2018000,0,0.005505482106594959,0.005505482106594959,0.23764875346971087,D-1 estimated accounting; fill-day constraints require ledger audit,adaptive,V4_CAUSAL_7_EXPERTS_RIDGE_ANCHOR20,disabled,2014-01-03,risk_on,0.014254947504373838,0.01123595505617958,0.03281856290983609,0.7054263565891473,0.06970342157235486,0.7984496124031008,0.7984496124031008,2013-12-06,2013-12-09,"{""long_momentum"": 0.12740130995955415, ""mean_reversion"": 0.1183807633438153, ""medium_momentum"": 0.12606025668655163, ""ridge"": 0.1278183691103441, ""risk_adjusted"": 0.12676634575365064, ""short_momentum"": 0.12320418064086074, ""trend"": 0.1273736938305839, ""volume_momentum"": 0.12299508067463955}",0.023234177821686106,0.7632384733123694,-0.025514092440488807,0.04135685197279593,2449.TW,2014-01-03,2014-01-06
0.04022259458919657,2958000,0,0.0026906807647610917,0.0026906807647610917,0.1378630608535351,D-1 estimated accounting; fill-day constraints require ledger audit,adaptive,V4_CAUSAL_7_EXPERTS_RIDGE_ANCHOR20,disabled,2014-01-03,risk_on,0.014254947504373838,0.01123595505617958,0.03281856290983609,0.7054263565891473,0.06970342157235486,0.7984496124031008,0.7984496124031008,2013-12-06,2013-12-09,"{""long_momentum"": 0.12740130995955415, ""mean_reversion"": 0.1183807633438153, ""medium_momentum"": 0.12606025668655163, ""ridge"": 0.1278183691103441, ""risk_adjusted"": 0.12676634575365064, ""short_momentum"": 0.12320418064086074, ""trend"": 0.1273736938305839, ""volume_momentum"": 0.12299508067463955}",0.020087696933119112,0.49795490049759034,-0.02053216183115266,0.03074531867979205,2609.TW,2014-01-03,2014-01-06
0.040097085170903476,2318000,0,0.0032938297111020677,0.0032938297111020677,0.1456692175302565,D-1 estimated accounting; fill-day constraints require ledger audit,adaptive,V4_CAUSAL_7_EXPERTS_RIDGE_ANCHOR20,disabled,2014-01-03,risk_on,0.014254947504373838,0.01123595505617958,0.03281856290983609,0.7054263565891473,0.06970342157235486,0.7984496124031008,0.7984496124031008,2013-12-06,2013-12-09,"{""long_momentum"": 0.12740130995955415, ""mean_reversion"": 0.1183807633438153, ""medium_momentum"": 0.12606025668655163, ""ridge"": 0.1278183691103441, ""risk_adjusted"": 0.12676634575365064, ""short_momentum"": 0.12320418064086074, ""trend"": 0.1273736938305839, ""volume_momentum"": 0.12299508067463955}",0.020057754917118847,0.49795490049759034,-0.019803286045081078,0.031222740786402418,2885.TW,2014-01-03,2014-01-06
0.04441761318887545,2033000,0,0.006485091142689252,0.006485091142689252,0.22616555826527554,D-1 estimated accounting; fill-day constraints require ledger audit,adaptive,V4_CAUSAL_7_EXPERTS_RIDGE_ANCHOR20,disabled,2014-01-03,risk_on,0.014254947504373838,0.01123595505617958,0.03281856290983609,0.7054263565891473,0.06970342157235486,0.7984496124031008,0.7984496124031008,2013-12-06,2013-12-09,"{""long_momentum"": 0.12740130995955415, ""mean_reversion"": 0.1183807633438153, ""medium_momentum"": 0.12606025668655163, ""ridge"": 0.1278183691103441, ""risk_adjusted"": 0.12676634575365064, ""short_momentum"": 0.12320418064086074, ""trend"": 0.1273736938305839, ""volume_momentum"": 0.12299508067463955}",0.027273522223709577,0.7632384733123694,-0.030967719654276343,0.048769697258772046,3017.TW,2014-01-03,2014-01-06
0.041785239329975944,1487000,0,0.0031131090975597526,0.0031131090975597526,0.14507870115445978,D-1 estimated accounting; fill-day constraints require ledger audit,adaptive,V4_CAUSAL_7_EXPERTS_RIDGE_ANCHOR20,disabled,2014-01-03,risk_on,0.014254947504373838,0.01123595505617958,0.03281856290983609,0.7054263565891473,0.06970342157235486,0.7984496124031008,0.7984496124031008,2013-12-06,2013-12-09,"{""long_momentum"": 0.12740130995955415, ""mean_reversion"": 0.1183807633438153, ""medium_momentum"": 0.12606025668655163, ""ridge"": 0.1278183691103441, ""risk_adjusted"": 0.12676634575365064, ""short_momentum"": 0.12320418064086074, ""trend"": 0.1273736938305839, ""volume_momentum"": 0.12299508067463955}",0.019733586532147233,0.49795490049759034,-0.01832520831430299,0.0293832218285397,3105.TWO,2014-01-03,2014-01-06
0.04021599672252405,410000,0,0.0018433759055788796,0.0018433759055788796,0.12942714392588403,D-1 estimated accounting; fill-day constraints require ledger audit,adaptive,V4_CAUSAL_7_EXPERTS_RIDGE_ANCHOR20,disabled,2014-01-03,risk_on,0.014254947504373838,0.01123595505617958,0.03281856290983609,0.7054263565891473,0.06970342157235486,0.7984496124031008,0.7984496124031008,2013-12-06,2013-12-09,"{""long_momentum"": 0.12740130995955415, ""mean_reversion"": 0.1183807633438153, ""medium_momentum"": 0.12606025668655163, ""ridge"": 0.1278183691103441, ""risk_adjusted"": 0.12676634575365064, ""short_momentum"": 0.12320418064086074, ""trend"": 0.1273736938305839, ""volume_momentum"": 0.12299508067463955}",0.019995735104594164,0.5076017350916813,-0.02098266394554008,0.029501211075815045,3163.TWO,2014-01-03,2014-01-06
0.042320566239541474,711000,0,0.004034382233920415,0.004034382233920415,0.23676241808699133,D-1 estimated accounting; fill-day constraints require ledger audit,adaptive,V4_CAUSAL_7_EXPERTS_RIDGE_ANCHOR20,disabled,2014-01-03,risk_on,0.014254947504373838,0.01123595505617958,0.03281856290983609,0.7054263565891473,0.06970342157235486,0.7984496124031008,0.7984496124031008,2013-12-06,2013-12-09,"{""long_momentum"": 0.12740130995955415, ""mean_reversion"": 0.1183807633438153, ""medium_momentum"": 0.12606025668655163, ""ridge"": 0.1278183691103441, ""risk_adjusted"": 0.12676634575365064, ""short_momentum"": 0.12320418064086074, ""trend"": 0.1273736938305839, ""volume_momentum"": 0.12299508067463955}",0.02008927750587961,0.7632384733123694,-0.019195011772021334,0.032095571558979366,3293.TWO,2014-01-03,2014-01-06
0.04049770563590513,511000,0,0.003855435012116257,0.003855435012116257,0.15255165225653775,D-1 estimated accounting; fill-day constraints require ledger audit,adaptive,V4_CAUSAL_7_EXPERTS_RIDGE_ANCHOR20,disabled,2014-01-03,risk_on,0.014254947504373838,0.01123595505617958,0.03281856290983609,0.7054263565891473,0.06970342157235486,0.7984496124031008,0.7984496124031008,2013-12-06,2013-12-09,"{""long_momentum"": 0.12740130995955415, ""mean_reversion"": 0.1183807633438153, ""medium_momentum"": 0.12606025668655163, ""ridge"": 0.1278183691103441, ""risk_adjusted"": 0.12676634575365064, ""short_momentum"": 0.12320418064086074, ""trend"": 0.1273736938305839, ""volume_momentum"": 0.12299508067463955}",0.02005023198718857,0.49795490049759034,-0.019209591675938626,0.03175225701928834,3653.TW,2014-01-03,2014-01-06
0.042284227989004206,763000,0,0.004268111366142155,0.004268111366142155,0.22458688094810156,D-1 estimated accounting; fill-day constraints require ledger audit,adaptive,V4_CAUSAL_7_EXPERTS_RIDGE_ANCHOR20,disabled,2014-01-03,risk_on,0.014254947504373838,0.01123595505617958,0.03281856290983609,0.7054263565891473,0.06970342157235486,0.7984496124031008,0.7984496124031008,2013-12-06,2013-12-09,"{""long_momentum"": 0.12740130995955415, ""mean_reversion"": 0.1183807633438153, ""medium_momentum"": 0.12606025668655163, ""ridge"": 0.1278183691103441, ""risk_adjusted"": 0.12676634575365064, ""short_momentum"": 0.12320418064086074, ""trend"": 0.1273736938305839, ""volume_momentum"": 0.12299508067463955}",0.02222873804786255,0.7632384733123694,-0.02479131097811857,0.03815932902952009,3680.TWO,2014-01-03,2014-01-06
0.04199342201702921,176000,0,0.011993655376486377,0.011993655376486377,0.303783087077686,D-1 estimated accounting; fill-day constraints require ledger audit,adaptive,V4_CAUSAL_7_EXPERTS_RIDGE_ANCHOR20,disabled,2014-01-03,risk_on,0.014254947504373838,0.01123595505617958,0.03281856290983609,0.7054263565891473,0.06970342157235486,0.7984496124031008,0.7984496124031008,2013-12-06,2013-12-09,"{""long_momentum"": 0.12740130995955415, ""mean_reversion"": 0.1183807633438153, ""medium_momentum"": 0.12606025668655163, ""ridge"": 0.1278183691103441, ""risk_adjusted"": 0.12676634575365064, ""short_momentum"": 0.12320418064086074, ""trend"": 0.1273736938305839, ""volume_momentum"": 0.12299508067463955}",0.025701978900971433,0.7632384733123694,-0.02313509158674012,0.051954197658830074,4966.TWO,2014-01-03,2014-01-06
0.04054081669654941,935000,0,0.005698245679447765,0.005698245679447765,0.17225373032030125,D-1 estimated accounting; fill-day constraints require ledger audit,adaptive,V4_CAUSAL_7_EXPERTS_RIDGE_ANCHOR20,disabled,2014-01-03,risk_on,0.014254947504373838,0.01123595505617958,0.03281856290983609,0.7054263565891473,0.06970342157235486,0.7984496124031008,0.7984496124031008,2013-12-06,2013-12-09,"{""long_momentum"": 0.12740130995955415, ""mean_reversion"": 0.1183807633438153, ""medium_momentum"": 0.12606025668655163, ""ridge"": 0.1278183691103441, ""risk_adjusted"": 0.12676634575365064, ""short_momentum"": 0.12320418064086074, ""trend"": 0.1273736938305839, ""volume_momentum"": 0.12299508067463955}",0.02022847998798665,0.49795490049759034,-0.018078841644538116,0.03430712832255085,4979.TWO,2014-01-03,2014-01-06
0.04554127486865957,813000,0,0.01145508868863678,0.01145508868863678,0.26760133041030404,D-1 estimated accounting; fill-day constraints require ledger audit,adaptive,V4_CAUSAL_7_EXPERTS_RIDGE_ANCHOR20,disabled,2014-01-03,risk_on,0.014254947504373838,0.01123595505617958,0.03281856290983609,0.7054263565891473,0.06970342157235486,0.7984496124031008,0.7984496124031008,2013-12-06,2013-12-09,"{""long_momentum"": 0.12740130995955415, ""mean_reversion"": 0.1183807633438153, ""medium_momentum"": 0.12606025668655163, ""ridge"": 0.1278183691103441, ""risk_adjusted"": 0.12676634575365064, ""short_momentum"": 0.12320418064086074, ""trend"": 0.1273736938305839, ""volume_momentum"": 0.12299508067463955}",0.03047725185570298,0.7632384733123694,-0.030351109853089114,0.05809308254947988,5483.TWO,2014-01-03,2014-01-06
0.04414697569570621,1802000,0,0.006181432307972444,0.006181432307972444,0.23271049422542803,D-1 estimated accounting; fill-day constraints require ledger audit,adaptive,V4_CAUSAL_7_EXPERTS_RIDGE_ANCHOR20,disabled,2014-01-03,risk_on,0.014254947504373838,0.01123595505617958,0.03281856290983609,0.7054263565891473,0.06970342157235486,0.7984496124031008,0.7984496124031008,2013-12-06,2013-12-09,"{""long_momentum"": 0.12740130995955415, ""mean_reversion"": 0.1183807633438153, ""medium_momentum"": 0.12606025668655163, ""ridge"": 0.1278183691103441, ""risk_adjusted"": 0.12676634575365064, ""short_momentum"": 0.12320418064086074, ""trend"": 0.1273736938305839, ""volume_momentum"": 0.12299508067463955}",0.02549116964144999,0.7632384733123694,-0.0286219892057616,0.04581664914082369,6274.TWO,2014-01-03,2014-01-06
0.04262394314688115,1525000,0,0.006963646676838326,0.006963646676838326,0.26866203492709373,D-1 estimated accounting; fill-day constraints require ledger audit,adaptive,V4_CAUSAL_7_EXPERTS_RIDGE_ANCHOR20,disabled,2014-01-03,risk_on,0.014254947504373838,0.01123595505617958,0.03281856290983609,0.7054263565891473,0.06970342157235486,0.7984496124031008,0.7984496124031008,2013-12-06,2013-12-09,"{""long_momentum"": 0.12740130995955415, ""mean_reversion"": 0.1183807633438153, ""medium_momentum"": 0.12606025668655163, ""ridge"": 0.1278183691103441, ""risk_adjusted"": 0.12676634575365064, ""short_momentum"": 0.12320418064086074, ""trend"": 0.1273736938305839, ""volume_momentum"": 0.12299508067463955}",0.02202372123451014,0.7632384733123694,-0.021662224788528903,0.04042131346132276,6290.TWO,2014-01-03,2014-01-06
0.041812180618888715,1106000,0,0.004687369258171079,0.004687369258171079,0.2396092481503963,D-1 estimated accounting; fill-day constraints require ledger audit,adaptive,V4_CAUSAL_7_EXPERTS_RIDGE_ANCHOR20,disabled,2014-01-03,risk_on,0.014254947504373838,0.01123595505617958,0.03281856290983609,0.7054263565891473,0.06970342157235486,0.7984496124031008,0.7984496124031008,2013-12-06,2013-12-09,"{""long_momentum"": 0.12740130995955415, ""mean_reversion"": 0.1183807633438153, ""medium_momentum"": 0.12606025668655163, ""ridge"": 0.1278183691103441, ""risk_adjusted"": 0.12676634575365064, ""short_momentum"": 0.12320418064086074, ""trend"": 0.1273736938305839, ""volume_momentum"": 0.12299508067463955}",0.02117025823364761,0.7632384733123694,-0.021945804882404614,0.036152338717863976,8046.TW,2014-01-03,2014-01-06
0.04105001846100113,2267000,0,0.0019157279355479393,0.0019157279355479393,0.19469203175270455,D-1 estimated accounting; fill-day constraints require ledger audit,adaptive,V4_CAUSAL_7_EXPERTS_RIDGE_ANCHOR20,disabled,2014-01-06,risk_on,0.013446391454182848,0.006613756747245958,0.02464334064178586,0.5581395348837209,0.07020416316675454,0.7286821705426356,0.751937984496124,2014-01-06,2013-12-09,"{""long_momentum"": 0.12740130995955415, ""mean_reversion"": 0.1183807633438153, ""medium_momentum"": 0.12606025668655163, ""ridge"": 0.1278183691103441, ""risk_adjusted"": 0.12676634575365064, ""short_momentum"": 0.12320418064086074, ""trend"": 0.1273736938305839, ""volume_momentum"": 0.12299508067463955}",0.019525075816613124,0.7443632617793119,-0.017545432014910853,0.02620868320512394,1519.TW,2014-01-06,2014-01-07
0.040392160952676996,1244000,0,0.0021810500678654428,0.0021810500678654428,0.20024029701492232,D-1 estimated accounting; fill-day constraints require ledger audit,adaptive,V4_CAUSAL_7_EXPERTS_RIDGE_ANCHOR20,disabled,2014-01-06,risk_on,0.013446391454182848,0.006613756747245958,0.02464334064178586,0.5581395348837209,0.07020416316675454,0.7286821705426356,0.751937984496124,2014-01-06,2013-12-09,"{""long_momentum"": 0.12740130995955415, ""mean_reversion"": 0.1183807633438153, ""medium_momentum"": 0.12606025668655163, ""ridge"": 0.1278183691103441, ""risk_adjusted"": 0.12676634575365064, ""short_momentum"": 0.12320418064086074, ""trend"": 0.1273736938305839, ""volume_momentum"": 0.12299508067463955}",0.019844375728209174,0.7535916387182786,-0.01990538213083621,0.0290992775856843,1802.TW,2014-01-06,2014-01-07
0.04013120839055488,1528000,0,0.0012784152565195632,0.0012784152565195632,0.11923255334328228,D-1 estimated accounting; fill-day constraints require ledger audit,adaptive,V4_CAUSAL_7_EXPERTS_RIDGE_ANCHOR20,disabled,2014-01-06,risk_on,0.013446391454182848,0.006613756747245958,0.02464334064178586,0.5581395348837209,0.07020416316675454,0.7286821705426356,0.751937984496124,2014-01-06,2013-12-09,"{""long_momentum"": 0.12740130995955415, ""mean_reversion"": 0.1183807633438153, ""medium_momentum"": 0.12606025668655163, ""ridge"": 0.1278183691103441, ""risk_adjusted"": 0.12676634575365064, ""short_momentum"": 0.12320418064086074, ""trend"": 0.1273736938305839, ""volume_momentum"": 0.12299508067463955}",0.01994234037337651,0.49795490049759034,-0.021300985752368287,0.02868961158452462,2002.TW,2014-01-06,2014-01-07
0.04227626545663819,871000,0,0.006117732271066856,0.006117732271066856,0.2625807386019881,D-1 estimated accounting; fill-day constraints require ledger audit,adaptive,V4_CAUSAL_7_EXPERTS_RIDGE_ANCHOR20,disabled,2014-01-06,risk_on,0.013446391454182848,0.006613756747245958,0.02464334064178586,0.5581395348837209,0.07020416316675454,0.7286821705426356,0.751937984496124,2014-01-06,2013-12-09,"{""long_momentum"": 0.12740130995955415, ""mean_reversion"": 0.1183807633438153, ""medium_momentum"": 0.12606025668655163, ""ridge"": 0.1278183691103441, ""risk_adjusted"": 0.12676634575365064, ""short_momentum"": 0.12320418064086074, ""trend"": 0.1273736938305839, ""volume_momentum"": 0.12299508067463955}",0.02119797013133503,0.7632384733123694,-0.020586265287115563,0.03765352514836648,2347.TW,2014-01-06,2014-01-07
0.04295256667997011,5733000,0,0.005316031844113218,0.005316031844113218,0.24784635530162274,D-1 estimated accounting; fill-day constraints require ledger audit,adaptive,V4_CAUSAL_7_EXPERTS_RIDGE_ANCHOR20,disabled,2014-01-06,risk_on,0.013446391454182848,0.006613756747245958,0.02464334064178586,0.5581395348837209,0.07020416316675454,0.7286821705426356,0.751937984496124,2014-01-06,2013-12-09,"{""long_momentum"": 0.12740130995955415, ""mean_reversion"": 0.1183807633438153, ""medium_momentum"": 0.12606025668655163, ""ridge"": 0.1278183691103441, ""risk_adjusted"": 0.12676634575365064, ""short_momentum"": 0.12320418064086074, ""trend"": 0.1273736938305839, ""volume_momentum"": 0.12299508067463955}",0.021452006002401797,0.7632384733123694,-0.022015118820744802,0.03747897782808844,2368.TW,2014-01-06,2014-01-07
0.040506659015340576,199000,0,0.0017182718132185205,0.0017182718132185205,0.12689443833575256,D-1 estimated accounting; fill-day constraints require ledger audit,adaptive,V4_CAUSAL_7_EXPERTS_RIDGE_ANCHOR20,disabled,2014-01-06,risk_on,0.013446391454182848,0.006613756747245958,0.02464334064178586,0.5581395348837209,0.07020416316675454,0.7286821705426356,0.751937984496124,2014-01-06,2013-12-09,"{""long_momentum"": 0.12740130995955415, ""mean_reversion"": 0.1183807633438153, ""medium_momentum"": 0.12606025668655163, ""ridge"": 0.1278183691103441, ""risk_adjusted"": 0.12676634575365064, ""short_momentum"": 0.12320418064086074, ""trend"": 0.1273736938305839, ""volume_momentum"": 0.12299508067463955}",0.019645345191140192,0.49795490049759034,-0.01908637690355796,0.027354715849112206,2395.TW,2014-01-06,2014-01-07
0.04063181922561712,4335000,0,0.0024171777782479005,0.0024171777782479005,0.20639649738364083,D-1 estimated accounting; fill-day constraints require ledger audit,adaptive,V4_CAUSAL_7_EXPERTS_RIDGE_ANCHOR20,disabled,2014-01-06,risk_on,0.013446391454182848,0.006613756747245958,0.02464334064178586,0.5581395348837209,0.07020416316675454,0.7286821705426356,0.751937984496124,2014-01-06,2013-12-09,"{""long_momentum"": 0.12740130995955415, ""mean_reversion"": 0.1183807633438153, ""medium_momentum"": 0.12606025668655163, ""ridge"": 0.1278183691103441, ""risk_adjusted"": 0.12676634575365064, ""short_momentum"": 0.12320418064086074, ""trend"": 0.1273736938305839, ""volume_momentum"": 0.12299508067463955}",0.019664304841028695,0.7535916387182786,-0.018536556672428532,0.028202707548041536,2409.TW,2014-01-06,2014-01-07
0.04058002379277123,2018000,0,0.004492776300959526,0.004492776300959526,0.32117325719640255,D-1 estimated accounting; fill-day constraints require ledger audit,adaptive,V4_CAUSAL_7_EXPERTS_RIDGE_ANCHOR20,disabled,2014-01-06,risk_on,0.013446391454182848,0.006613756747245958,0.02464334064178586,0.5581395348837209,0.07020416316675454,0.7286821705426356,0.751937984496124,2014-01-06,2013-12-09,"{""long_momentum"": 0.12740130995955415, ""mean_reversion"": 0.1183807633438153, ""medium_momentum"": 0.12606025668655163, ""ridge"": 0.1278183691103441, ""risk_adjusted"": 0.12676634575365064, ""short_momentum"": 0.12320418064086074, ""trend"": 0.1273736938305839, ""volume_momentum"": 0.12299508067463955}",0.02006378262248329,1.0,-0.018629902591313446,0.0324472505123497,2449.TW,2014-01-06,2014-01-07
0.04083552525691111,2958000,0,0.0031312077556140136,0.0031312077556140136,0.14515114477227278,D-1 estimated accounting; fill-day constraints require ledger audit,adaptive,V4_CAUSAL_7_EXPERTS_RIDGE_ANCHOR20,disabled,2014-01-06,risk_on,0.013446391454182848,0.006613756747245958,0.02464334064178586,0.5581395348837209,0.07020416316675454,0.7286821705426356,0.751937984496124,2014-01-06,2013-12-09,"{""long_momentum"": 0.12740130995955415, ""mean_reversion"": 0.1183807633438153, ""medium_momentum"": 0.12606025668655163, ""ridge"": 0.1278183691103441, ""risk_adjusted"": 0.12676634575365064, ""short_momentum"": 0.12320418064086074, ""trend"": 0.1273736938305839, ""volume_momentum"": 0.12299508067463955}",0.01976367902068001,0.49795490049759034,-0.01849559649831496,0.02958980732866019,2609.TW,2014-01-06,2014-01-07
0.04023407911119214,2318000,0,0.0033248149004105245,0.0033248149004105245,0.22335954719812334,D-1 estimated accounting; fill-day constraints require ledger audit,adaptive,V4_CAUSAL_7_EXPERTS_RIDGE_ANCHOR20,disabled,2014-01-06,risk_on,0.013446391454182848,0.006613756747245958,0.02464334064178586,0.5581395348837209,0.07020416316675454,0.7286821705426356,0.751937984496124,2014-01-06,2013-12-09,"{""long_momentum"": 0.12740130995955415, ""mean_reversion"": 0.1183807633438153, ""medium_momentum"": 0.12606025668655163, ""ridge"": 0.1278183691103441, ""risk_adjusted"": 0.12676634575365064, ""short_momentum"": 0.12320418064086074, ""trend"": 0.1273736938305839, ""volume_momentum"": 0.12299508067463955}",0.019762235693679416,0.7535916387182786,-0.018293193053369176,0.029774618173307434,2885.TW,2014-01-06,2014-01-07
0.04250871227701833,2033000,0,0.005800369152726951,0.005800369152726951,0.2593820864434742,D-1 estimated accounting; fill-day constraints require ledger audit,adaptive,V4_CAUSAL_7_EXPERTS_RIDGE_ANCHOR20,disabled,2014-01-06,risk_on,0.013446391454182848,0.006613756747245958,0.02464334064178586,0.5581395348837209,0.07020416316675454,0.7286821705426356,0.751937984496124,2014-01-06,2013-12-09,"{""long_momentum"": 0.12740130995955415, ""mean_reversion"": 0.1183807633438153, ""medium_momentum"": 0.12606025668655163, ""ridge"": 0.1278183691103441, ""risk_adjusted"": 0.12676634575365064, ""short_momentum"": 0.12320418064086074, ""trend"": 0.1273736938305839, ""volume_momentum"": 0.12299508067463955}",0.02097999539119747,0.7632384733123694,-0.020331767623403937,0.03676430124797505,3017.TW,2014-01-06,2014-01-07
0.04217912088938595,1487000,0,0.0028849125147281216,0.0028849125147281216,0.2160283869330907,D-1 estimated accounting; fill-day constraints require ledger audit,adaptive,V4_CAUSAL_7_EXPERTS_RIDGE_ANCHOR20,disabled,2014-01-06,risk_on,0.013446391454182848,0.006613756747245958,0.02464334064178586,0.5581395348837209,0.07020416316675454,0.7286821705426356,0.751937984496124,2014-01-06,2013-12-09,"{""long_momentum"": 0.12740130995955415, ""mean_reversion"": 0.1183807633438153, ""medium_momentum"": 0.12606025668655163, ""ridge"": 0.1278183691103441, ""risk_adjusted"": 0.12676634575365064, ""short_momentum"": 0.12320418064086074, ""trend"": 0.1273736938305839, ""volume_momentum"": 0.12299508067463955}",0.019972855047118418,0.7632384733123694,-0.019837075877283547,0.030438696225856994,3105.TWO,2014-01-06,2014-01-07
0.03908747315717628,410000,0,0.0015090226230039228,0.0015090226230039228,0.0018393520543616853,D-1 estimated accounting; fill-day constraints require ledger audit,adaptive,V4_CAUSAL_7_EXPERTS_RIDGE_ANCHOR20,disabled,2014-01-06,risk_on,0.013446391454182848,0.006613756747245958,0.02464334064178586,0.5581395348837209,0.07020416316675454,0.7286821705426356,0.751937984496124,2014-01-06,2013-12-09,"{""long_momentum"": 0.12740130995955415, ""mean_reversion"": 0.1183807633438153, ""medium_momentum"": 0.12606025668655163, ""ridge"": 0.1278183691103441, ""risk_adjusted"": 0.12676634575365064, ""short_momentum"": 0.12320418064086074, ""trend"": 0.1273736938305839, ""volume_momentum"": 0.12299508067463955}",0.0207334170544278,0.007698304382814269,-0.02392863358723301,0.03177847415235806,3163.TWO,2014-01-06,2014-01-07
0.04305442219612076,711000,0,0.004604528032801184,0.004604528032801184,0.23870958641291026,D-1 estimated accounting; fill-day constraints require ledger audit,adaptive,V4_CAUSAL_7_EXPERTS_RIDGE_ANCHOR20,disabled,2014-01-06,risk_on,0.013446391454182848,0.006613756747245958,0.02464334064178586,0.5581395348837209,0.07020416316675454,0.7286821705426356,0.751937984496124,2014-01-06,2013-12-09,"{""long_momentum"": 0.12740130995955415, ""mean_reversion"": 0.1183807633438153, ""medium_momentum"": 0.12606025668655163, ""ridge"": 0.1278183691103441, ""risk_adjusted"": 0.12676634575365064, ""short_momentum"": 0.12320418064086074, ""trend"": 0.1273736938305839, ""volume_momentum"": 0.12299508067463955}",0.021104524849394114,0.7632384733123694,-0.021858549589993274,0.03589940097471285,3293.TWO,2014-01-06,2014-01-07
0.04092824393268236,511000,0,0.00368662473275268,0.00368662473275268,0.15182774859544745,D-1 estimated accounting; fill-day constraints require ledger audit,adaptive,V4_CAUSAL_7_EXPERTS_RIDGE_ANCHOR20,disabled,2014-01-06,risk_on,0.013446391454182848,0.006613756747245958,0.02464334064178586,0.5581395348837209,0.07020416316675454,0.7286821705426356,0.751937984496124,2014-01-06,2013-12-09,"{""long_momentum"": 0.12740130995955415, ""mean_reversion"": 0.1183807633438153, ""medium_momentum"": 0.12606025668655163, ""ridge"": 0.1278183691103441, ""risk_adjusted"": 0.12676634575365064, ""short_momentum"": 0.12320418064086074, ""trend"": 0.1273736938305839, ""volume_momentum"": 0.12299508067463955}",0.01980320926974842,0.49795490049759034,-0.01817269357877308,0.030377738363395648,3653.TW,2014-01-06,2014-01-07
0.04139003694890229,763000,0,0.004220078314873002,0.004220078314873002,0.24212758996016573,D-1 estimated accounting; fill-day constraints require ledger audit,adaptive,V4_CAUSAL_7_EXPERTS_RIDGE_ANCHOR20,disabled,2014-01-06,risk_on,0.013446391454182848,0.006613756747245958,0.02464334064178586,0.5581395348837209,0.07020416316675454,0.7286821705426356,0.751937984496124,2014-01-06,2013-12-09,"{""long_momentum"": 0.12740130995955415, ""mean_reversion"": 0.1183807633438153, ""medium_momentum"": 0.12606025668655163, ""ridge"": 0.1278183691103441, ""risk_adjusted"": 0.12676634575365064, ""short_momentum"": 0.12320418064086074, ""trend"": 0.1273736938305839, ""volume_momentum"": 0.12299508067463955}",0.019843600458875517,0.7632384733123694,-0.017862201229535867,0.031134153178399075,3680.TWO,2014-01-06,2014-01-07
0.040426642898170134,176000,0,0.010207282182200409,0.010207282182200409,0.3013087268664291,D-1 estimated accounting; fill-day constraints require ledger audit,adaptive,V4_CAUSAL_7_EXPERTS_RIDGE_ANCHOR20,disabled,2014-01-06,risk_on,0.013446391454182848,0.006613756747245958,0.02464334064178586,0.5581395348837209,0.07020416316675454,0.7286821705426356,0.751937984496124,2014-01-06,2013-12-09,"{""long_momentum"": 0.12740130995955415, ""mean_reversion"": 0.1183807633438153, ""medium_momentum"": 0.12606025668655163, ""ridge"": 0.1278183691103441, ""risk_adjusted"": 0.12676634575365064, ""short_momentum"": 0.12320418064086074, ""trend"": 0.1273736938305839, ""volume_momentum"": 0.12299508067463955}",0.022827064911954513,0.7535916387182786,-0.02004736646109946,0.04529372614461749,4966.TWO,2014-01-06,2014-01-07
0.040328173063977256,935000,0,0.005837806289318691,0.005837806289318691,0.17429293087645442,D-1 estimated accounting; fill-day constraints require ledger audit,adaptive,V4_CAUSAL_7_EXPERTS_RIDGE_ANCHOR20,disabled,2014-01-06,risk_on,0.013446391454182848,0.006613756747245958,0.02464334064178586,0.5581395348837209,0.07020416316675454,0.7286821705426356,0.751937984496124,2014-01-06,2013-12-09,"{""long_momentum"": 0.12740130995955415, ""mean_reversion"": 0.1183807633438153, ""medium_momentum"": 0.12606025668655163, ""ridge"": 0.1278183691103441, ""risk_adjusted"": 0.12676634575365064, ""short_momentum"": 0.12320418064086074, ""trend"": 0.1273736938305839, ""volume_momentum"": 0.12299508067463955}",0.02012580609169787,0.49795490049759034,-0.017540744773320068,0.03404815267107465,4979.TWO,2014-01-06,2014-01-07
0.04768070404054971,813000,0,0.013738056441828283,0.013738056441828283,0.2676254594776949,D-1 estimated accounting; fill-day constraints require ledger audit,adaptive,V4_CAUSAL_7_EXPERTS_RIDGE_ANCHOR20,disabled,2014-01-06,risk_on,0.013446391454182848,0.006613756747245958,0.02464334064178586,0.5581395348837209,0.07020416316675454,0.7286821705426356,0.751937984496124,2014-01-06,2013-12-09,"{""long_momentum"": 0.12740130995955415, ""mean_reversion"": 0.1183807633438153, ""medium_momentum"": 0.12606025668655163, ""ridge"": 0.1278183691103441, ""risk_adjusted"": 0.12676634575365064, ""short_momentum"": 0.12320418064086074, ""trend"": 0.1273736938305839, ""volume_momentum"": 0.12299508067463955}",0.03470082646345819,0.7632384733123694,-0.03334851725787007,0.06565642546064383,5483.TWO,2014-01-06,2014-01-07
0.04723501426791033,1802000,0,0.009804004375185471,0.009804004375185471,0.2394239008363104,D-1 estimated accounting; fill-day constraints require ledger audit,adaptive,V4_CAUSAL_7_EXPERTS_RIDGE_ANCHOR20,disabled,2014-01-06,risk_on,0.013446391454182848,0.006613756747245958,0.02464334064178586,0.5581395348837209,0.07020416316675454,0.7286821705426356,0.751937984496124,2014-01-06,2013-12-09,"{""long_momentum"": 0.12740130995955415, ""mean_reversion"": 0.1183807633438153, ""medium_momentum"": 0.12606025668655163, ""ridge"": 0.1278183691103441, ""risk_adjusted"": 0.12676634575365064, ""short_momentum"": 0.12320418064086074, ""trend"": 0.1273736938305839, ""volume_momentum"": 0.12299508067463955}",0.032388383931740906,0.7632384733123694,-0.03443966743666335,0.0588794715061515,6274.TWO,2014-01-06,2014-01-07
0.04150195949279444,1525000,0,0.003426123668034455,0.003426123668034455,0.2287398317765911,D-1 estimated accounting; fill-day constraints require ledger audit,adaptive,V4_CAUSAL_7_EXPERTS_RIDGE_ANCHOR20,disabled,2014-01-06,risk_on,0.013446391454182848,0.006613756747245958,0.02464334064178586,0.5581395348837209,0.07020416316675454,0.7286821705426356,0.751937984496124,2014-01-06,2013-12-09,"{""long_momentum"": 0.12740130995955415, ""mean_reversion"": 0.1183807633438153, ""medium_momentum"": 0.12606025668655163, ""ridge"": 0.1278183691103441, ""risk_adjusted"": 0.12676634575365064, ""short_momentum"": 0.12320418064086074, ""trend"": 0.1273736938305839, ""volume_momentum"": 0.12299508067463955}",0.019689407039416178,0.7632384733123694,-0.017712832215358278,0.02939687487054439,6290.TWO,2014-01-06,2014-01-07
0.04150210952301414,1106000,0,0.0037413417969184514,0.0037413417969184514,0.2335494732936789,D-1 estimated accounting; fill-day constraints require ledger audit,adaptive,V4_CAUSAL_7_EXPERTS_RIDGE_ANCHOR20,disabled,2014-01-06,risk_on,0.013446391454182848,0.006613756747245958,0.02464334064178586,0.5581395348837209,0.07020416316675454,0.7286821705426356,0.751937984496124,2014-01-06,2013-12-09,"{""long_momentum"": 0.12740130995955415, ""mean_reversion"": 0.1183807633438153, ""medium_momentum"": 0.12606025668655163, ""ridge"": 0.1278183691103441, ""risk_adjusted"": 0.12676634575365064, ""short_momentum"": 0.12320418064086074, ""trend"": 0.1273736938305839, ""volume_momentum"": 0.12299508067463955}",0.019825318079005214,0.7632384733123694,-0.018241671462643796,0.030556150375597904,8046.TW,2014-01-06,2014-01-07
0.04043287150584192,2267000,0,0.001020066866404391,0.001020066866404391,0.05759207515943336,D-1 estimated accounting; fill-day constraints require ledger audit,adaptive,V4_CAUSAL_7_EXPERTS_RIDGE_ANCHOR20,disabled,2014-01-07,risk_on,0.013954799216058267,0.0010132330963299463,0.0311572466851473,0.5038759689922481,0.07660602266492264,0.7364341085271318,0.7906976744186046,2014-01-06,2014-01-07,"{""long_momentum"": 0.1274128855138695, ""mean_reversion"": 0.11719918742091638, ""medium_momentum"": 0.12641367239222479, ""ridge"": 0.12744803330227145, ""risk_adjusted"": 0.12672721755844046, ""short_momentum"": 0.123554717681236, ""trend"": 0.1274543809615425, ""volume_momentum"": 0.12378990516949888}",0.02015563803872875,0.2504146876939873,-0.020440411389767738,0.028369382636848933,1519.TW,2014-01-07,2014-01-08
0.03987011211458765,1244000,0,5.9275785578626283e-05,5.9275785578626283e-05,0.050350389748236704,D-1 estimated accounting; fill-day constraints require ledger audit,adaptive,V4_CAUSAL_7_EXPERTS_RIDGE_ANCHOR20,disabled,2014-01-07,risk_on,0.013954799216058267,0.0010132330963299463,0.0311572466851473,0.5038759689922481,0.07660602266492264,0.7364341085271318,0.7906976744186046,2014-01-06,2014-01-07,"{""long_momentum"": 0.1274128855138695, ""mean_reversion"": 0.11719918742091638, ""medium_momentum"": 0.12641367239222479, ""ridge"": 0.12744803330227145, ""risk_adjusted"": 0.12672721755844046, ""short_momentum"": 0.123554717681236, ""trend"": 0.1274543809615425, ""volume_momentum"": 0.12378990516949888}",0.02031060131769951,0.25248340951408066,-0.022285307433424047,0.028292696518853713,1802.TW,2014-01-07,2014-01-08
0.03955450989287277,1528000,0,0.00037579200184722166,0.00037579200184722166,0.10465636589354461,D-1 estimated accounting; fill-day constraints require ledger audit,adaptive,V4_CAUSAL_7_EXPERTS_RIDGE_ANCHOR20,disabled,2014-01-07,risk_on,0.013954799216058267,0.0010132330963299463,0.0311572466851473,0.5038759689922481,0.07660602266492264,0.7364341085271318,0.7906976744186046,2014-01-06,2014-01-07,"{""long_momentum"": 0.1274128855138695, ""mean_reversion"": 0.11719918742091638, ""medium_momentum"": 0.12641367239222479, ""ridge"": 0.12744803330227145, ""risk_adjusted"": 0.12672721755844046, ""short_momentum"": 0.123554717681236, ""trend"": 0.1274543809615425, ""volume_momentum"": 0.12378990516949888}",0.020204255772912863,0.49799449803298507,-0.02138609556912405,0.0280265170870909,2002.TW,2014-01-07,2014-01-08
0.04216180445116179,871000,0,0.006760877546968694,0.006760877546968694,0.27376526074808416,D-1 estimated accounting; fill-day constraints require ledger audit,adaptive,V4_CAUSAL_7_EXPERTS_RIDGE_ANCHOR20,disabled,2014-01-07,risk_on,0.013954799216058267,0.0010132330963299463,0.0311572466851473,0.5038759689922481,0.07660602266492264,0.7364341085271318,0.7906976744186046,2014-01-06,2014-01-07,"{""long_momentum"": 0.1274128855138695, ""mean_reversion"": 0.11719918742091638, ""medium_momentum"": 0.12641367239222479, ""ridge"": 0.12744803330227145, ""risk_adjusted"": 0.12672721755844046, ""short_momentum"": 0.123554717681236, ""trend"": 0.1274543809615425, ""volume_momentum"": 0.12378990516949888}",0.021129149984796727,0.765601625158167,-0.018654162548777678,0.03806475515698748,2347.TW,2014-01-07,2014-01-08
0.0427173120444352,5733000,0,0.005695834147945777,0.005695834147945777,0.25696864046390966,D-1 estimated accounting; fill-day constraints require ledger audit,adaptive,V4_CAUSAL_7_EXPERTS_RIDGE_ANCHOR20,disabled,2014-01-07,risk_on,0.013954799216058267,0.0010132330963299463,0.0311572466851473,0.5038759689922481,0.07660602266492264,0.7364341085271318,0.7906976744186046,2014-01-06,2014-01-07,"{""long_momentum"": 0.1274128855138695, ""mean_reversion"": 0.11719918742091638, ""medium_momentum"": 0.12641367239222479, ""ridge"": 0.12744803330227145, ""risk_adjusted"": 0.12672721755844046, ""short_momentum"": 0.123554717681236, ""trend"": 0.1274543809615425, ""volume_momentum"": 0.12378990516949888}",0.02117088698699981,0.765601625158167,-0.019843170517155895,0.03712367632731986,2368.TW,2014-01-07,2014-01-08
0.040429270441776084,199000,0,0.0019619696126380237,0.0019619696126380237,0.06791564046711769,D-1 estimated accounting; fill-day constraints require ledger audit,adaptive,V4_CAUSAL_7_EXPERTS_RIDGE_ANCHOR20,disabled,2014-01-07,risk_on,0.013954799216058267,0.0010132330963299463,0.0311572466851473,0.5038759689922481,0.07660602266492264,0.7364341085271318,0.7906976744186046,2014-01-06,2014-01-07,"{""long_momentum"": 0.1274128855138695, ""mean_reversion"": 0.11719918742091638, ""medium_momentum"": 0.12641367239222479, ""ridge"": 0.12744803330227145, ""risk_adjusted"": 0.12672721755844046, ""short_momentum"": 0.123554717681236, ""trend"": 0.1274543809615425, ""volume_momentum"": 0.12378990516949888}",0.020059025655079492,0.2635961231911523,-0.01879243970830159,0.028605216447850048,2395.TW,2014-01-07,2014-01-08
0.04065687755867666,4335000,0,0.0019573561683551414,0.0019573561683551414,0.25836509995283596,D-1 estimated accounting; fill-day constraints require ledger audit,adaptive,V4_CAUSAL_7_EXPERTS_RIDGE_ANCHOR20,disabled,2014-01-07,risk_on,0.013954799216058267,0.0010132330963299463,0.0311572466851473,0.5038759689922481,0.07660602266492264,0.7364341085271318,0.7906976744186046,2014-01-06,2014-01-07,"{""long_momentum"": 0.1274128855138695, ""mean_reversion"": 0.11719918742091638, ""medium_momentum"": 0.12641367239222479, ""ridge"": 0.12744803330227145, ""risk_adjusted"": 0.12672721755844046, ""short_momentum"": 0.123554717681236, ""trend"": 0.1274543809615425, ""volume_momentum"": 0.12378990516949888}",0.019971033810110186,0.9999999999999998,-0.017891899771425884,0.02769544962240858,2409.TW,2014-01-07,2014-01-08
0.040704987774596246,2018000,0,0.005521675790420401,0.005521675790420401,0.2499118186396124,D-1 estimated accounting; fill-day constraints require ledger audit,adaptive,V4_CAUSAL_7_EXPERTS_RIDGE_ANCHOR20,disabled,2014-01-07,risk_on,0.013954799216058267,0.0010132330963299463,0.0311572466851473,0.5038759689922481,0.07660602266492264,0.7364341085271318,0.7906976744186046,2014-01-06,2014-01-07,"{""long_momentum"": 0.1274128855138695, ""mean_reversion"": 0.11719918742091638, ""medium_momentum"": 0.12641367239222479, ""ridge"": 0.12744803330227145, ""risk_adjusted"": 0.12672721755844046, ""short_momentum"": 0.123554717681236, ""trend"": 0.1274543809615425, ""volume_momentum"": 0.12378990516949888}",0.021176186559203565,0.7528905646375279,-0.020032933898077872,0.03696512299319108,2449.TW,2014-01-07,2014-01-08
0.04041076842295506,2958000,0,0.00207032131265598,0.00207032131265598,0.12947167419387245,D-1 estimated accounting; fill-day constraints require ledger audit,adaptive,V4_CAUSAL_7_EXPERTS_RIDGE_ANCHOR20,disabled,2014-01-07,risk_on,0.013954799216058267,0.0010132330963299463,0.0311572466851473,0.5038759689922481,0.07660602266492264,0.7364341085271318,0.7906976744186046,2014-01-06,2014-01-07,"{""long_momentum"": 0.1274128855138695, ""mean_reversion"": 0.11719918742091638, ""medium_momentum"": 0.12641367239222479, ""ridge"": 0.12744803330227145, ""risk_adjusted"": 0.12672721755844046, ""short_momentum"": 0.123554717681236, ""trend"": 0.1274543809615425, ""volume_momentum"": 0.12378990516949888}",0.020124670448674543,0.49799449803298507,-0.01918228828355126,0.029211768423135633,2609.TW,2014-01-07,2014-01-08
0.03938456450388985,2318000,0,0.0014541814468116603,0.0014541814468116603,0.1792539291623377,D-1 estimated accounting; fill-day constraints require ledger audit,adaptive,V4_CAUSAL_7_EXPERTS_RIDGE_ANCHOR20,disabled,2014-01-07,risk_on,0.013954799216058267,0.0010132330963299463,0.0311572466851473,0.5038759689922481,0.07660602266492264,0.7364341085271318,0.7906976744186046,2014-01-06,2014-01-07,"{""long_momentum"": 0.1274128855138695, ""mean_reversion"": 0.11719918742091638, ""medium_momentum"": 0.12641367239222479, ""ridge"": 0.12744803330227145, ""risk_adjusted"": 0.12672721755844046, ""short_momentum"": 0.123554717681236, ""trend"": 0.1274543809615425, ""volume_momentum"": 0.12378990516949888}",0.020654247007006875,0.7528905646375279,-0.022377818562737538,0.031175018970633267,2885.TW,2014-01-07,2014-01-08
0.04262353536917588,2033000,0,0.005915574808985469,0.005915574808985469,0.2595053077126675,D-1 estimated accounting; fill-day constraints require ledger audit,adaptive,V4_CAUSAL_7_EXPERTS_RIDGE_ANCHOR20,disabled,2014-01-07,risk_on,0.013954799216058267,0.0010132330963299463,0.0311572466851473,0.5038759689922481,0.07660602266492264,0.7364341085271318,0.7906976744186046,2014-01-06,2014-01-07,"{""long_momentum"": 0.1274128855138695, ""mean_reversion"": 0.11719918742091638, ""medium_momentum"": 0.12641367239222479, ""ridge"": 0.12744803330227145, ""risk_adjusted"": 0.12672721755844046, ""short_momentum"": 0.123554717681236, ""trend"": 0.1274543809615425, ""volume_momentum"": 0.12378990516949888}",0.021287935350228455,0.765601625158167,-0.019961421102263274,0.03768140823450662,3017.TW,2014-01-07,2014-01-08
0.042409358979494646,1487000,0,0.003918211814149845,0.003918211814149845,0.23268076863499368,D-1 estimated accounting; fill-day constraints require ledger audit,adaptive,V4_CAUSAL_7_EXPERTS_RIDGE_ANCHOR20,disabled,2014-01-07,risk_on,0.013954799216058267,0.0010132330963299463,0.0311572466851473,0.5038759689922481,0.07660602266492264,0.7364341085271318,0.7906976744186046,2014-01-06,2014-01-07,"{""long_momentum"": 0.1274128855138695, ""mean_reversion"": 0.11719918742091638, ""medium_momentum"": 0.12641367239222479, ""ridge"": 0.12744803330227145, ""risk_adjusted"": 0.12672721755844046, ""short_momentum"": 0.123554717681236, ""trend"": 0.1274543809615425, ""volume_momentum"": 0.12378990516949888}",0.020425843985874832,0.765601625158167,-0.01897689776646276,0.03270215890903486,3105.TWO,2014-01-07,2014-01-08
0.03841376730158935,410000,0,0.0012113560451158967,0.0012113560451158967,0.00022150340562376815,D-1 estimated accounting; fill-day constraints require ledger audit,adaptive,V4_CAUSAL_7_EXPERTS_RIDGE_ANCHOR20,disabled,2014-01-07,risk_on,0.013954799216058267,0.0010132330963299463,0.0311572466851473,0.5038759689922481,0.07660602266492264,0.7364341085271318,0.7906976744186046,2014-01-06,2014-01-07,"{""long_momentum"": 0.1274128855138695, ""mean_reversion"": 0.11719918742091638, ""medium_momentum"": 0.12641367239222479, ""ridge"": 0.12744803330227145, ""risk_adjusted"": 0.12672721755844046, ""short_momentum"": 0.123554717681236, ""trend"": 0.1274543809615425, ""volume_momentum"": 0.12378990516949888}",0.021017957792886496,0.0009710256028002962,-0.023863537420172328,0.03217508702467653,3163.TWO,2014-01-07,2014-01-08
0.043680360750263,711000,0,0.00556047166658586,0.00556047166658586,0.24515866250619597,D-1 estimated accounting; fill-day constraints require ledger audit,adaptive,V4_CAUSAL_7_EXPERTS_RIDGE_ANCHOR20,disabled,2014-01-07,risk_on,0.013954799216058267,0.0010132330963299463,0.0311572466851473,0.5038759689922481,0.07660602266492264,0.7364341085271318,0.7906976744186046,2014-01-06,2014-01-07,"{""long_momentum"": 0.1274128855138695, ""mean_reversion"": 0.11719918742091638, ""medium_momentum"": 0.12641367239222479, ""ridge"": 0.12744803330227145, ""risk_adjusted"": 0.12672721755844046, ""short_momentum"": 0.123554717681236, ""trend"": 0.1274543809615425, ""volume_momentum"": 0.12378990516949888}",0.022418637403935248,0.765601625158167,-0.02309044027118816,0.04010022111863229,3293.TWO,2014-01-07,2014-01-08
0.041056302617874386,511000,0,0.002495593313203184,0.002495593313203184,0.13806882595570852,D-1 estimated accounting; fill-day constraints require ledger audit,adaptive,V4_CAUSAL_7_EXPERTS_RIDGE_ANCHOR20,disabled,2014-01-07,risk_on,0.013954799216058267,0.0010132330963299463,0.0311572466851473,0.5038759689922481,0.07660602266492264,0.7364341085271318,0.7906976744186046,2014-01-06,2014-01-07,"{""long_momentum"": 0.1274128855138695, ""mean_reversion"": 0.11719918742091638, ""medium_momentum"": 0.12641367239222479, ""ridge"": 0.12744803330227145, ""risk_adjusted"": 0.12672721755844046, ""short_momentum"": 0.123554717681236, ""trend"": 0.1274543809615425, ""volume_momentum"": 0.12378990516949888}",0.020230007619611665,0.5107055585536242,-0.01941587655219428,0.030295900692873055,3653.TW,2014-01-07,2014-01-08
0.04254952729389178,763000,0,0.006405993579101233,0.006405993579101233,0.270603933081861,D-1 estimated accounting; fill-day constraints require ledger audit,adaptive,V4_CAUSAL_7_EXPERTS_RIDGE_ANCHOR20,disabled,2014-01-07,risk_on,0.013954799216058267,0.0010132330963299463,0.0311572466851473,0.5038759689922481,0.07660602266492264,0.7364341085271318,0.7906976744186046,2014-01-06,2014-01-07,"{""long_momentum"": 0.1274128855138695, ""mean_reversion"": 0.11719918742091638, ""medium_momentum"": 0.12641367239222479, ""ridge"": 0.12744803330227145, ""risk_adjusted"": 0.12672721755844046, ""short_momentum"": 0.123554717681236, ""trend"": 0.1274543809615425, ""volume_momentum"": 0.12378990516949888}",0.02086422186548305,0.765601625158167,-0.01817130888736742,0.0368721335598423,3680.TWO,2014-01-07,2014-01-08
0.042956969066747806,176000,0,0.013841444920109707,0.013841444920109707,0.4306461243216505,D-1 estimated accounting; fill-day constraints require ledger audit,adaptive,V4_CAUSAL_7_EXPERTS_RIDGE_ANCHOR20,disabled,2014-01-07,risk_on,0.013954799216058267,0.0010132330963299463,0.0311572466851473,0.5038759689922481,0.07660602266492264,0.7364341085271318,0.7906976744186046,2014-01-06,2014-01-07,"{""long_momentum"": 0.1274128855138695, ""mean_reversion"": 0.11719918742091638, ""medium_momentum"": 0.12641367239222479, ""ridge"": 0.12744803330227145, ""risk_adjusted"": 0.12672721755844046, ""short_momentum"": 0.123554717681236, ""trend"": 0.1274543809615425, ""volume_momentum"": 0.12378990516949888}",0.024910127092267177,0.9999999999999998,-0.019478029059041578,0.053049756413533405,4966.TWO,2014-01-07,2014-01-08
0.039217425461385826,935000,0,0.0049429274327110325,0.0049429274327110325,0.1594041596603673,D-1 estimated accounting; fill-day constraints require ledger audit,adaptive,V4_CAUSAL_7_EXPERTS_RIDGE_ANCHOR20,disabled,2014-01-07,risk_on,0.013954799216058267,0.0010132330963299463,0.0311572466851473,0.5038759689922481,0.07660602266492264,0.7364341085271318,0.7906976744186046,2014-01-06,2014-01-07,"{""long_momentum"": 0.1274128855138695, ""mean_reversion"": 0.11719918742091638, ""medium_momentum"": 0.12641367239222479, ""ridge"": 0.12744803330227145, ""risk_adjusted"": 0.12672721755844046, ""short_momentum"": 0.123554717681236, ""trend"": 0.1274543809615425, ""volume_momentum"": 0.12378990516949888}",0.021119769841822046,0.49799449803298507,-0.020443985655695315,0.03621867803538979,4979.TWO,2014-01-07,2014-01-08
0.047356326948669515,813000,0,0.013633348224991307,0.013633348224991307,0.2852961537368805,D-1 estimated accounting; fill-day constraints require ledger audit,adaptive,V4_CAUSAL_7_EXPERTS_RIDGE_ANCHOR20,disabled,2014-01-07,risk_on,0.013954799216058267,0.0010132330963299463,0.0311572466851473,0.5038759689922481,0.07660602266492264,0.7364341085271318,0.7906976744186046,2014-01-06,2014-01-07,"{""long_momentum"": 0.1274128855138695, ""mean_reversion"": 0.11719918742091638, ""medium_momentum"": 0.12641367239222479, ""ridge"": 0.12744803330227145, ""risk_adjusted"": 0.12672721755844046, ""short_momentum"": 0.123554717681236, ""trend"": 0.1274543809615425, ""volume_momentum"": 0.12378990516949888}",0.03136985545068183,0.765601625158167,-0.028960254016761486,0.06211578798101651,5483.TWO,2014-01-07,2014-01-08
0.04816708789689929,1802000,0,0.012392994850370624,0.012392994850370624,0.2725790042807929,D-1 estimated accounting; fill-day constraints require ledger audit,adaptive,V4_CAUSAL_7_EXPERTS_RIDGE_ANCHOR20,disabled,2014-01-07,risk_on,0.013954799216058267,0.0010132330963299463,0.0311572466851473,0.5038759689922481,0.07660602266492264,0.7364341085271318,0.7906976744186046,2014-01-06,2014-01-07,"{""long_momentum"": 0.1274128855138695, ""mean_reversion"": 0.11719918742091638, ""medium_momentum"": 0.12641367239222479, ""ridge"": 0.12744803330227145, ""risk_adjusted"": 0.12672721755844046, ""short_momentum"": 0.123554717681236, ""trend"": 0.1274543809615425, ""volume_momentum"": 0.12378990516949888}",0.031459282524940374,0.765601625158167,-0.030316239400155202,0.060991066615168864,6274.TWO,2014-01-07,2014-01-08
0.04190155927636243,1525000,0,0.0037265714710619465,0.0037265714710619465,0.23162498657646294,D-1 estimated accounting; fill-day constraints require ledger audit,adaptive,V4_CAUSAL_7_EXPERTS_RIDGE_ANCHOR20,disabled,2014-01-07,risk_on,0.013954799216058267,0.0010132330963299463,0.0311572466851473,0.5038759689922481,0.07660602266492264,0.7364341085271318,0.7906976744186046,2014-01-06,2014-01-07,"{""long_momentum"": 0.1274128855138695, ""mean_reversion"": 0.11719918742091638, ""medium_momentum"": 0.12641367239222479, ""ridge"": 0.12744803330227145, ""risk_adjusted"": 0.12672721755844046, ""short_momentum"": 0.123554717681236, ""trend"": 0.1274543809615425, ""volume_momentum"": 0.12378990516949888}",0.020117800628225352,0.765601625158167,-0.017477915161960268,0.030819895618356574,6290.TWO,2014-01-07,2014-01-08
0.04132968546778291,1106000,0,0.0038198362649661142,0.0038198362649661142,0.23148666761230205,D-1 estimated accounting; fill-day constraints require ledger audit,adaptive,V4_CAUSAL_7_EXPERTS_RIDGE_ANCHOR20,disabled,2014-01-07,risk_on,0.013954799216058267,0.0010132330963299463,0.0311572466851473,0.5038759689922481,0.07660602266492264,0.7364341085271318,0.7906976744186046,2014-01-06,2014-01-07,"{""long_momentum"": 0.1274128855138695, ""mean_reversion"": 0.11719918742091638, ""medium_momentum"": 0.12641367239222479, ""ridge"": 0.12744803330227145, ""risk_adjusted"": 0.12672721755844046, ""short_momentum"": 0.123554717681236, ""trend"": 0.1274543809615425, ""volume_momentum"": 0.12378990516949888}",0.02035022803176552,0.765601625158167,-0.018721865870861797,0.03225037591506644,8046.TW,2014-01-07,2014-01-08
0.03977502628176305,2267000,0,0.0010946856924441124,0.0010946856924441124,0.11512694576746638,D-1 estimated accounting; fill-day constraints require ledger audit,adaptive,V4_CAUSAL_7_EXPERTS_RIDGE_ANCHOR20,disabled,2014-01-08,risk_on,0.014114150981170867,0.0077778243924491175,0.03538811806331199,0.5968992248062015,0.08020774720943483,0.751937984496124,0.8217054263565892,2014-01-06,2014-01-07,"{""long_momentum"": 0.1274128855138695, ""mean_reversion"": 0.11719918742091638, ""medium_momentum"": 0.12641367239222479, ""ridge"": 0.12744803330227145, ""risk_adjusted"": 0.12672721755844046, ""short_momentum"": 0.123554717681236, ""trend"": 0.1274543809615425, ""volume_momentum"": 0.12378990516949888}",0.02026855986961451,0.49799449803298507,-0.021029965558659783,0.02910817445782042,1519.TW,2014-01-08,2014-01-09
0.03972484811919134,1244000,0,0.00013509598955733116,0.00013509598955733116,0.10327435420190538,D-1 estimated accounting; fill-day constraints require ledger audit,adaptive,V4_CAUSAL_7_EXPERTS_RIDGE_ANCHOR20,disabled,2014-01-08,risk_on,0.014114150981170867,0.0077778243924491175,0.03538811806331199,0.5968992248062015,0.08020774720943483,0.751937984496124,0.8217054263565892,2014-01-06,2014-01-07,"{""long_momentum"": 0.1274128855138695, ""mean_reversion"": 0.11719918742091638, ""medium_momentum"": 0.12641367239222479, ""ridge"": 0.12744803330227145, ""risk_adjusted"": 0.12672721755844046, ""short_momentum"": 0.123554717681236, ""trend"": 0.1274543809615425, ""volume_momentum"": 0.12378990516949888}",0.01999039860134178,0.5053107542985302,-0.01995402847849668,0.02611305797188375,1802.TW,2014-01-08,2014-01-09
0.03934938896773772,1528000,0,0.00017593498925925284,0.00017593498925925284,0.10211534915763767,D-1 estimated accounting; fill-day constraints require ledger audit,adaptive,V4_CAUSAL_7_EXPERTS_RIDGE_ANCHOR20,disabled,2014-01-08,risk_on,0.014114150981170867,0.0077778243924491175,0.03538811806331199,0.5968992248062015,0.08020774720943483,0.751937984496124,0.8217054263565892,2014-01-06,2014-01-07,"{""long_momentum"": 0.1274128855138695, ""mean_reversion"": 0.11719918742091638, ""medium_momentum"": 0.12641367239222479, ""ridge"": 0.12744803330227145, ""risk_adjusted"": 0.12672721755844046, ""short_momentum"": 0.123554717681236, ""trend"": 0.1274543809615425, ""volume_momentum"": 0.12378990516949888}",0.020065981804742485,0.49799449803298507,-0.02063597579256317,0.026876683285354086,2002.TW,2014-01-08,2014-01-09
0.04237379062761755,871000,0,0.006025079270249576,0.006025079270249576,0.2577070995516236,D-1 estimated accounting; fill-day constraints require ledger audit,adaptive,V4_CAUSAL_7_EXPERTS_RIDGE_ANCHOR20,disabled,2014-01-08,risk_on,0.014114150981170867,0.0077778243924491175,0.03538811806331199,0.5968992248062015,0.08020774720943483,0.751937984496124,0.8217054263565892,2014-01-06,2014-01-07,"{""long_momentum"": 0.1274128855138695, ""mean_reversion"": 0.11719918742091638, ""medium_momentum"": 0.12641367239222479, ""ridge"": 0.12744803330227145, ""risk_adjusted"": 0.12672721755844046, ""short_momentum"": 0.123554717681236, ""trend"": 0.1274543809615425, ""volume_momentum"": 0.12378990516949888}",0.02172845612511441,0.765601625158167,-0.021020874545988565,0.03895987060076013,2347.TW,2014-01-08,2014-01-09
0.04204250110641786,5733000,0,0.004568537983045547,0.004568537983045547,0.24183714081176605,D-1 estimated accounting; fill-day constraints require ledger audit,adaptive,V4_CAUSAL_7_EXPERTS_RIDGE_ANCHOR20,disabled,2014-01-08,risk_on,0.014114150981170867,0.0077778243924491175,0.03538811806331199,0.5968992248062015,0.08020774720943483,0.751937984496124,0.8217054263565892,2014-01-06,2014-01-07,"{""long_momentum"": 0.1274128855138695, ""mean_reversion"": 0.11719918742091638, ""medium_momentum"": 0.12641367239222479, ""ridge"": 0.12744803330227145, ""risk_adjusted"": 0.12672721755844046, ""short_momentum"": 0.123554717681236, ""trend"": 0.1274543809615425, ""volume_momentum"": 0.12378990516949888}",0.02072328653000255,0.765601625158167,-0.019518371850039427,0.03454428533040293,2368.TW,2014-01-08,2014-01-09
0.04002245823555708,199000,0,0.0014324644889287014,0.0014324644889287014,0.12376450984415867,D-1 estimated accounting; fill-day constraints require ledger audit,adaptive,V4_CAUSAL_7_EXPERTS_RIDGE_ANCHOR20,disabled,2014-01-08,risk_on,0.014114150981170867,0.0077778243924491175,0.03538811806331199,0.5968992248062015,0.08020774720943483,0.751937984496124,0.8217054263565892,2014-01-06,2014-01-07,"{""long_momentum"": 0.1274128855138695, ""mean_reversion"": 0.11719918742091638, ""medium_momentum"": 0.12641367239222479, ""ridge"": 0.12744803330227145, ""risk_adjusted"": 0.12672721755844046, ""short_momentum"": 0.123554717681236, ""trend"": 0.1274543809615425, ""volume_momentum"": 0.12378990516949888}",0.020110648507124847,0.5107055585536242,-0.01972106015213296,0.028474826644262773,2395.TW,2014-01-08,2014-01-09
0.040360349236342775,4335000,0,0.0014605058232135659,0.0014605058232135659,0.12127177628264767,D-1 estimated accounting; fill-day constraints require ledger audit,adaptive,V4_CAUSAL_7_EXPERTS_RIDGE_ANCHOR20,disabled,2014-01-08,risk_on,0.014114150981170867,0.0077778243924491175,0.03538811806331199,0.5968992248062015,0.08020774720943483,0.751937984496124,0.8217054263565892,2014-01-06,2014-01-07,"{""long_momentum"": 0.1274128855138695, ""mean_reversion"": 0.11719918742091638, ""medium_momentum"": 0.12641367239222479, ""ridge"": 0.12744803330227145, ""risk_adjusted"": 0.12672721755844046, ""short_momentum"": 0.123554717681236, ""trend"": 0.1274543809615425, ""volume_momentum"": 0.12378990516949888}",0.020069132424781384,0.49799449803298507,-0.019377016878289063,0.028186866038988616,2409.TW,2014-01-08,2014-01-09
0.04069337806952919,2018000,0,0.004748646742355681,0.004748646742355681,0.24014513934426945,D-1 estimated accounting; fill-day constraints require ledger audit,adaptive,V4_CAUSAL_7_EXPERTS_RIDGE_ANCHOR20,disabled,2014-01-08,risk_on,0.014114150981170867,0.0077778243924491175,0.03538811806331199,0.5968992248062015,0.08020774720943483,0.751937984496124,0.8217054263565892,2014-01-06,2014-01-07,"{""long_momentum"": 0.1274128855138695, ""mean_reversion"": 0.11719918742091638, ""medium_momentum"": 0.12641367239222479, ""ridge"": 0.12744803330227145, ""risk_adjusted"": 0.12672721755844046, ""short_momentum"": 0.123554717681236, ""trend"": 0.1274543809615425, ""volume_momentum"": 0.12378990516949888}",0.020814804053880937,0.7528905646375279,-0.01966085427188751,0.03504698527087128,2449.TW,2014-01-08,2014-01-09
0.039908834715287604,2958000,0,0.0010117259896100703,0.0010117259896100703,0.060829541529983044,D-1 estimated accounting; fill-day constraints require ledger audit,adaptive,V4_CAUSAL_7_EXPERTS_RIDGE_ANCHOR20,disabled,2014-01-08,risk_on,0.014114150981170867,0.0077778243924491175,0.03538811806331199,0.5968992248062015,0.08020774720943483,0.751937984496124,0.8217054263565892,2014-01-06,2014-01-07,"{""long_momentum"": 0.1274128855138695, ""mean_reversion"": 0.11719918742091638, ""medium_momentum"": 0.12641367239222479, ""ridge"": 0.12744803330227145, ""risk_adjusted"": 0.12672721755844046, ""short_momentum"": 0.123554717681236, ""trend"": 0.1274543809615425, ""volume_momentum"": 0.12378990516949888}",0.02003922926487958,0.2635961231911523,-0.01957104790431566,0.02748333739780821,2609.TW,2014-01-08,2014-01-09
0.039524011938223615,2318000,0,0.0015138878564132869,0.0015138878564132869,0.1847226189047015,D-1 estimated accounting; fill-day constraints require ledger audit,adaptive,V4_CAUSAL_7_EXPERTS_RIDGE_ANCHOR20,disabled,2014-01-08,risk_on,0.014114150981170867,0.0077778243924491175,0.03538811806331199,0.5968992248062015,0.08020774720943483,0.751937984496124,0.8217054263565892,2014-01-06,2014-01-07,"{""long_momentum"": 0.1274128855138695, ""mean_reversion"": 0.11719918742091638, ""medium_momentum"": 0.12641367239222479, ""ridge"": 0.12744803330227145, ""risk_adjusted"": 0.12672721755844046, ""short_momentum"": 0.123554717681236, ""trend"": 0.1274543809615425, ""volume_momentum"": 0.12378990516949888}",0.0200353497804277,0.7528905646375279,-0.019033696986870723,0.027950310213969706,2885.TW,2014-01-08,2014-01-09
0.04340729771609603,2033000,0,0.0074052261370089805,0.0074052261370089805,0.37507141012574846,D-1 estimated accounting; fill-day constraints require ledger audit,adaptive,V4_CAUSAL_7_EXPERTS_RIDGE_ANCHOR20,disabled,2014-01-08,risk_on,0.014114150981170867,0.0077778243924491175,0.03538811806331199,0.5968992248062015,0.08020774720943483,0.751937984496124,0.8217054263565892,2014-01-06,2014-01-07,"{""long_momentum"": 0.1274128855138695, ""mean_reversion"": 0.11719918742091638, ""medium_momentum"": 0.12641367239222479, ""ridge"": 0.12744803330227145, ""risk_adjusted"": 0.12672721755844046, ""short_momentum"": 0.123554717681236, ""trend"": 0.1274543809615425, ""volume_momentum"": 0.12378990516949888}",0.020669078654310453,0.9999999999999998,-0.01648245385765066,0.03718174364594103,3017.TW,2014-01-08,2014-01-09
0.04196893117411552,1487000,0,0.0037971276228667993,0.0037971276228667993,0.2311129716591435,D-1 estimated accounting; fill-day constraints require ledger audit,adaptive,V4_CAUSAL_7_EXPERTS_RIDGE_ANCHOR20,disabled,2014-01-08,risk_on,0.014114150981170867,0.0077778243924491175,0.03538811806331199,0.5968992248062015,0.08020774720943483,0.751937984496124,0.8217054263565892,2014-01-06,2014-01-07,"{""long_momentum"": 0.1274128855138695, ""mean_reversion"": 0.11719918742091638, ""medium_momentum"": 0.12641367239222479, ""ridge"": 0.12744803330227145, ""risk_adjusted"": 0.12672721755844046, ""short_momentum"": 0.123554717681236, ""trend"": 0.1274543809615425, ""volume_momentum"": 0.12378990516949888}",0.02034487663781947,0.765601625158167,-0.01871847813400372,0.03220157089400973,3105.TWO,2014-01-08,2014-01-09
0.038052292112406676,410000,0,-0.0006561477645444243,-0.0006561477645444243,0.053939912657677225,D-1 estimated accounting; fill-day constraints require ledger audit,adaptive,V4_CAUSAL_7_EXPERTS_RIDGE_ANCHOR20,disabled,2014-01-08,risk_on,0.014114150981170867,0.0077778243924491175,0.03538811806331199,0.5968992248062015,0.08020774720943483,0.751937984496124,0.8217054263565892,2014-01-06,2014-01-07,"{""long_momentum"": 0.1274128855138695, ""mean_reversion"": 0.11719918742091638, ""medium_momentum"": 0.12641367239222479, ""ridge"": 0.12744803330227145, ""risk_adjusted"": 0.12672721755844046, ""short_momentum"": 0.123554717681236, ""trend"": 0.1274543809615425, ""volume_momentum"": 0.12378990516949888}",0.021174115954895698,0.25586709220734316,-0.026204663954673288,0.03078120593985685,3163.TWO,2014-01-08,2014-01-09
0.04373509873086779,711000,0,0.006401437488706261,0.006401437488706261,0.2608160090182075,D-1 estimated accounting; fill-day constraints require ledger audit,adaptive,V4_CAUSAL_7_EXPERTS_RIDGE_ANCHOR20,disabled,2014-01-08,risk_on,0.014114150981170867,0.0077778243924491175,0.03538811806331199,0.5968992248062015,0.08020774720943483,0.751937984496124,0.8217054263565892,2014-01-06,2014-01-07,"{""long_momentum"": 0.1274128855138695, ""mean_reversion"": 0.11719918742091638, ""medium_momentum"": 0.12641367239222479, ""ridge"": 0.12744803330227145, ""risk_adjusted"": 0.12672721755844046, ""short_momentum"": 0.123554717681236, ""trend"": 0.1274543809615425, ""volume_momentum"": 0.12378990516949888}",0.022066443196038805,0.765601625158167,-0.021458120711621696,0.04014983320330663,3293.TWO,2014-01-08,2014-01-09
0.04326973394987283,511000,0,0.004125611042701656,0.004125611042701656,0.21439286183672185,D-1 estimated accounting; fill-day constraints require ledger audit,adaptive,V4_CAUSAL_7_EXPERTS_RIDGE_ANCHOR20,disabled,2014-01-08,risk_on,0.014114150981170867,0.0077778243924491175,0.03538811806331199,0.5968992248062015,0.08020774720943483,0.751937984496124,0.8217054263565892,2014-01-06,2014-01-07,"{""long_momentum"": 0.1274128855138695, ""mean_reversion"": 0.11719918742091638, ""medium_momentum"": 0.12641367239222479, ""ridge"": 0.12744803330227145, ""risk_adjusted"": 0.12672721755844046, ""short_momentum"": 0.123554717681236, ""trend"": 0.1274543809615425, ""volume_momentum"": 0.12378990516949888}",0.023462146707248863,0.765601625158167,-0.026634532817454388,0.04077459241713011,3653.TW,2014-01-08,2014-01-09
0.04225342233217226,763000,0,0.004352095226139041,0.004352095226139041,0.24074389248095882,D-1 estimated accounting; fill-day constraints require ledger audit,adaptive,V4_CAUSAL_7_EXPERTS_RIDGE_ANCHOR20,disabled,2014-01-08,risk_on,0.014114150981170867,0.0077778243924491175,0.03538811806331199,0.5968992248062015,0.08020774720943483,0.751937984496124,0.8217054263565892,2014-01-06,2014-01-07,"{""long_momentum"": 0.1274128855138695, ""mean_reversion"": 0.11719918742091638, ""medium_momentum"": 0.12641367239222479, ""ridge"": 0.12744803330227145, ""risk_adjusted"": 0.12672721755844046, ""short_momentum"": 0.123554717681236, ""trend"": 0.1274543809615425, ""volume_momentum"": 0.12378990516949888}",0.020388967901069015,0.765601625158167,-0.01837407427003424,0.03296710223658473,3680.TWO,2014-01-08,2014-01-09
0.04142601383166681,176000,0,0.008991026347051687,0.008991026347051687,0.38945123607504517,D-1 estimated accounting; fill-day constraints require ledger audit,adaptive,V4_CAUSAL_7_EXPERTS_RIDGE_ANCHOR20,disabled,2014-01-08,risk_on,0.014114150981170867,0.0077778243924491175,0.03538811806331199,0.5968992248062015,0.08020774720943483,0.751937984496124,0.8217054263565892,2014-01-06,2014-01-07,"{""long_momentum"": 0.1274128855138695, ""mean_reversion"": 0.11719918742091638, ""medium_momentum"": 0.12641367239222479, ""ridge"": 0.12744803330227145, ""risk_adjusted"": 0.12672721755844046, ""short_momentum"": 0.123554717681236, ""trend"": 0.1274543809615425, ""volume_momentum"": 0.12378990516949888}",0.021933949750227114,0.9999999999999998,-0.018556696764835186,0.04242758697321097,4966.TWO,2014-01-08,2014-01-09
0.038551800773595664,935000,0,0.0029106934607545315,0.0029106934607545315,0.13621808498204627,D-1 estimated accounting; fill-day constraints require ledger audit,adaptive,V4_CAUSAL_7_EXPERTS_RIDGE_ANCHOR20,disabled,2014-01-08,risk_on,0.014114150981170867,0.0077778243924491175,0.03538811806331199,0.5968992248062015,0.08020774720943483,0.751937984496124,0.8217054263565892,2014-01-06,2014-01-07,"{""long_momentum"": 0.1274128855138695, ""mean_reversion"": 0.11719918742091638, ""medium_momentum"": 0.12641367239222479, ""ridge"": 0.12744803330227145, ""risk_adjusted"": 0.12672721755844046, ""short_momentum"": 0.123554717681236, ""trend"": 0.1274543809615425, ""volume_momentum"": 0.12378990516949888}",0.021009708845594877,0.49799449803298507,-0.022138350590695383,0.033848575026476854,4979.TWO,2014-01-08,2014-01-09
0.0495225605421668,813000,0,0.015622042831563807,0.015622042831563807,0.3091796307948391,D-1 estimated accounting; fill-day constraints require ledger audit,adaptive,V4_CAUSAL_7_EXPERTS_RIDGE_ANCHOR20,disabled,2014-01-08,risk_on,0.014114150981170867,0.0077778243924491175,0.03538811806331199,0.5968992248062015,0.08020774720943483,0.751937984496124,0.8217054263565892,2014-01-06,2014-01-07,"{""long_momentum"": 0.1274128855138695, ""mean_reversion"": 0.11719918742091638, ""medium_momentum"": 0.12641367239222479, ""ridge"": 0.12744803330227145, ""risk_adjusted"": 0.12672721755844046, ""short_momentum"": 0.123554717681236, ""trend"": 0.1274543809615425, ""volume_momentum"": 0.12378990516949888}",0.03044299487916148,0.765601625158167,-0.02575935952505501,0.06289228270245503,5483.TWO,2014-01-08,2014-01-09
0.047561041566677696,1802000,0,0.012385766558619392,0.012385766558619392,0.28568596030612536,D-1 estimated accounting; fill-day constraints require ledger audit,adaptive,V4_CAUSAL_7_EXPERTS_RIDGE_ANCHOR20,disabled,2014-01-08,risk_on,0.014114150981170867,0.0077778243924491175,0.03538811806331199,0.5968992248062015,0.08020774720943483,0.751937984496124,0.8217054263565892,2014-01-06,2014-01-07,"{""long_momentum"": 0.1274128855138695, ""mean_reversion"": 0.11719918742091638, ""medium_momentum"": 0.12641367239222479, ""ridge"": 0.12744803330227145, ""risk_adjusted"": 0.12672721755844046, ""short_momentum"": 0.123554717681236, ""trend"": 0.1274543809615425, ""volume_momentum"": 0.12378990516949888}",0.029205851446117845,0.765601625158167,-0.027333157941763067,0.057993528573274264,6274.TWO,2014-01-08,2014-01-09
0.043116457081042274,1525000,0,0.005721429726080866,0.005721429726080866,0.2590566005993394,D-1 estimated accounting; fill-day constraints require ledger audit,adaptive,V4_CAUSAL_7_EXPERTS_RIDGE_ANCHOR20,disabled,2014-01-08,risk_on,0.014114150981170867,0.0077778243924491175,0.03538811806331199,0.5968992248062015,0.08020774720943483,0.751937984496124,0.8217054263565892,2014-01-06,2014-01-07,"{""long_momentum"": 0.1274128855138695, ""mean_reversion"": 0.11719918742091638, ""medium_momentum"": 0.12641367239222479, ""ridge"": 0.12744803330227145, ""risk_adjusted"": 0.12672721755844046, ""short_momentum"": 0.123554717681236, ""trend"": 0.1274543809615425, ""volume_momentum"": 0.12378990516949888}",0.020964093836400112,0.765601625158167,-0.019183017854027578,0.036514714820461716,6290.TWO,2014-01-08,2014-01-09
0.041771455027667624,1106000,0,0.004876702584647606,0.004876702584647606,0.24733754543337075,D-1 estimated accounting; fill-day constraints require ledger audit,adaptive,V4_CAUSAL_7_EXPERTS_RIDGE_ANCHOR20,disabled,2014-01-08,risk_on,0.014114150981170867,0.0077778243924491175,0.03538811806331199,0.5968992248062015,0.08020774720943483,0.751937984496124,0.8217054263565892,2014-01-06,2014-01-07,"{""long_momentum"": 0.1274128855138695, ""mean_reversion"": 0.11719918742091638, ""medium_momentum"": 0.12641367239222479, ""ridge"": 0.12744803330227145, ""risk_adjusted"": 0.12672721755844046, ""short_momentum"": 0.123554717681236, ""trend"": 0.1274543809615425, ""volume_momentum"": 0.12378990516949888}",0.020695362553142277,0.765601625158167,-0.019108393938117786,0.034750636621685406,8046.TW,2014-01-08,2014-01-09
0.039587842420140885,2267000,0,0.0006500475970755278,0.0006500475970755278,0.10933019703558454,D-1 estimated accounting; fill-day constraints require ledger audit,adaptive,V4_CAUSAL_7_EXPERTS_RIDGE_ANCHOR20,disabled,2014-01-09,risk_on,0.014315512653798861,-0.0016155458215386664,0.03235287727022551,0.46511627906976744,0.084041586852355,0.7054263565891473,0.7984496124031008,2014-01-06,2014-01-07,"{""long_momentum"": 0.1274128855138695, ""mean_reversion"": 0.11719918742091638, ""medium_momentum"": 0.12641367239222479, ""ridge"": 0.12744803330227145, ""risk_adjusted"": 0.12672721755844046, ""short_momentum"": 0.123554717681236, ""trend"": 0.1274543809615425, ""volume_momentum"": 0.12378990516949888}",0.020463779053868716,0.5053107542985302,-0.022412831411986474,0.02960176412040994,1519.TW,2014-01-09,2014-01-10
0.04011227809023045,1244000,0,-3.0562633463801396e-05,-3.0562633463801396e-05,0.0004848182580068051,D-1 estimated accounting; fill-day constraints require ledger audit,adaptive,V4_CAUSAL_7_EXPERTS_RIDGE_ANCHOR20,disabled,2014-01-09,risk_on,0.014315512653798861,-0.0016155458215386664,0.03235287727022551,0.46511627906976744,0.084041586852355,0.7054263565891473,0.7984496124031008,2014-01-06,2014-01-07,"{""long_momentum"": 0.1274128855138695, ""mean_reversion"": 0.11719918742091638, ""medium_momentum"": 0.12641367239222479, ""ridge"": 0.12744803330227145, ""risk_adjusted"": 0.12672721755844046, ""short_momentum"": 0.123554717681236, ""trend"": 0.1274543809615425, ""volume_momentum"": 0.12378990516949888}",0.020003607194502095,0.0024126570904622613,-0.020265930338568675,0.026093642585913485,1802.TW,2014-01-09,2014-01-10
0.03953449606872333,1528000,0,9.92048306665122e-05,9.92048306665122e-05,0.024233922514003418,D-1 estimated accounting; fill-day constraints require ledger audit,adaptive,V4_CAUSAL_7_EXPERTS_RIDGE_ANCHOR20,disabled,2014-01-09,risk_on,0.014315512653798861,-0.0016155458215386664,0.03235287727022551,0.46511627906976744,0.084041586852355,0.7054263565891473,0.7984496124031008,2014-01-06,2014-01-07,"{""long_momentum"": 0.1274128855138695, ""mean_reversion"": 0.11719918742091638, ""medium_momentum"": 0.12641367239222479, ""ridge"": 0.12744803330227145, ""risk_adjusted"": 0.12672721755844046, ""short_momentum"": 0.123554717681236, ""trend"": 0.1274543809615425, ""volume_momentum"": 0.12378990516949888}",0.020002545703451894,0.11929583094040119,-0.020124829926274835,0.026212077101880272,2002.TW,2014-01-09,2014-01-10
0.04200476788562406,871000,0,0.004868003286444631,0.004868003286444631,0.32451088968879316,D-1 estimated accounting; fill-day constraints require ledger audit,adaptive,V4_CAUSAL_7_EXPERTS_RIDGE_ANCHOR20,disabled,2014-01-09,risk_on,0.014315512653798861,-0.0016155458215386664,0.03235287727022551,0.46511627906976744,0.084041586852355,0.7054263565891473,0.7984496124031008,2014-01-06,2014-01-07,"{""long_momentum"": 0.1274128855138695, ""mean_reversion"": 0.11719918742091638, ""medium_momentum"": 0.12641367239222479, ""ridge"": 0.12744803330227145, ""risk_adjusted"": 0.12672721755844046, ""short_momentum"": 0.123554717681236, ""trend"": 0.1274543809615425, ""volume_momentum"": 0.12378990516949888}",0.020540847695129736,0.9999999999999998,-0.018519394649855782,0.034144238737017454,2347.TW,2014-01-09,2014-01-10
0.04169410062065081,5733000,0,0.003761418984039924,0.003761418984039924,0.22636170549979445,D-1 estimated accounting; fill-day constraints require ledger audit,adaptive,V4_CAUSAL_7_EXPERTS_RIDGE_ANCHOR20,disabled,2014-01-09,risk_on,0.014315512653798861,-0.0016155458215386664,0.03235287727022551,0.46511627906976744,0.084041586852355,0.7054263565891473,0.7984496124031008,2014-01-06,2014-01-07,"{""long_momentum"": 0.1274128855138695, ""mean_reversion"": 0.11719918742091638, ""medium_momentum"": 0.12641367239222479, ""ridge"": 0.12744803330227145, ""risk_adjusted"": 0.12672721755844046, ""short_momentum"": 0.123554717681236, ""trend"": 0.1274543809615425, ""volume_momentum"": 0.12378990516949888}",0.020379506913100236,0.7528905646375279,-0.018920394217039883,0.03233206969939214,2368.TW,2014-01-09,2014-01-10
0.03999036488992794,199000,0,0.0017010650989934912,0.0017010650989934912,0.18904142972955523,D-1 estimated accounting; fill-day constraints require ledger audit,adaptive,V4_CAUSAL_7_EXPERTS_RIDGE_ANCHOR20,disabled,2014-01-09,risk_on,0.014315512653798861,-0.0016155458215386664,0.03235287727022551,0.46511627906976744,0.084041586852355,0.7054263565891473,0.7984496124031008,2014-01-06,2014-01-07,"{""long_momentum"": 0.1274128855138695, ""mean_reversion"": 0.11719918742091638, ""medium_momentum"": 0.12641367239222479, ""ridge"": 0.12744803330227145, ""risk_adjusted"": 0.12672721755844046, ""short_momentum"": 0.123554717681236, ""trend"": 0.1274543809615425, ""volume_momentum"": 0.12378990516949888}",0.01998709893611625,0.7528905646375279,-0.018349572934203456,0.02764054064646285,2395.TW,2014-01-09,2014-01-10
0.04118887958510914,4335000,0,0.001667878208852664,0.001667878208852664,0.18995739953018556,D-1 estimated accounting; fill-day constraints require ledger audit,adaptive,V4_CAUSAL_7_EXPERTS_RIDGE_ANCHOR20,disabled,2014-01-09,risk_on,0.014315512653798861,-0.0016155458215386664,0.03235287727022551,0.46511627906976744,0.084041586852355,0.7054263565891473,0.7984496124031008,2014-01-06,2014-01-07,"{""long_momentum"": 0.1274128855138695, ""mean_reversion"": 0.11719918742091638, ""medium_momentum"": 0.12641367239222479, ""ridge"": 0.12744803330227145, ""risk_adjusted"": 0.12672721755844046, ""short_momentum"": 0.123554717681236, ""trend"": 0.1274543809615425, ""volume_momentum"": 0.12378990516949888}",0.02020624412426085,0.765601625158167,-0.020105785244110757,0.029330379176088498,2409.TW,2014-01-09,2014-01-10
0.040361028769427855,2018000,0,0.0020845387072198455,0.0020845387072198455,0.16417022008589094,D-1 estimated accounting; fill-day constraints require ledger audit,adaptive,V4_CAUSAL_7_EXPERTS_RIDGE_ANCHOR20,disabled,2014-01-09,risk_on,0.014315512653798861,-0.0016155458215386664,0.03235287727022551,0.46511627906976744,0.084041586852355,0.7054263565891473,0.7984496124031008,2014-01-06,2014-01-07,"{""long_momentum"": 0.1274128855138695, ""mean_reversion"": 0.11719918742091638, ""medium_momentum"": 0.12641367239222479, ""ridge"": 0.12744803330227145, ""risk_adjusted"": 0.12672721755844046, ""short_momentum"": 0.123554717681236, ""trend"": 0.1274543809615425, ""volume_momentum"": 0.12378990516949888}",0.020347843154611023,0.6356913772166115,-0.020445552745169623,0.030503467673881724,2449.TW,2014-01-09,2014-01-10
0.04017368235207192,2958000,0,0.000989711547358552,0.000989711547358552,0.05747879212088356,D-1 estimated accounting; fill-day constraints require ledger audit,adaptive,V4_CAUSAL_7_EXPERTS_RIDGE_ANCHOR20,disabled,2014-01-09,risk_on,0.014315512653798861,-0.0016155458215386664,0.03235287727022551,0.46511627906976744,0.084041586852355,0.7054263565891473,0.7984496124031008,2014-01-06,2014-01-07,"{""long_momentum"": 0.1274128855138695, ""mean_reversion"": 0.11719918742091638, ""medium_momentum"": 0.12641367239222479, ""ridge"": 0.12744803330227145, ""risk_adjusted"": 0.12672721755844046, ""short_momentum"": 0.123554717681236, ""trend"": 0.1274543809615425, ""volume_momentum"": 0.12378990516949888}",0.020105334836956538,0.2504146876939873,-0.02012535344889318,0.027993614057882695,2609.TW,2014-01-09,2014-01-10
0.03990162839488931,2318000,0,0.0014658815509400235,0.0014658815509400235,0.18390375918890947,D-1 estimated accounting; fill-day constraints require ledger audit,adaptive,V4_CAUSAL_7_EXPERTS_RIDGE_ANCHOR20,disabled,2014-01-09,risk_on,0.014315512653798861,-0.0016155458215386664,0.03235287727022551,0.46511627906976744,0.084041586852355,0.7054263565891473,0.7984496124031008,2014-01-06,2014-01-07,"{""long_momentum"": 0.1274128855138695, ""mean_reversion"": 0.11719918742091638, ""medium_momentum"": 0.12641367239222479, ""ridge"": 0.12744803330227145, ""risk_adjusted"": 0.12672721755844046, ""short_momentum"": 0.123554717681236, ""trend"": 0.1274543809615425, ""volume_momentum"": 0.12378990516949888}",0.02000503580951481,0.7528905646375279,-0.01878463259639874,0.0276052332125512,2885.TW,2014-01-09,2014-01-10
0.04369536225872967,2033000,0,0.006329465888632475,0.006329465888632475,0.26426110347704423,D-1 estimated accounting; fill-day constraints require ledger audit,adaptive,V4_CAUSAL_7_EXPERTS_RIDGE_ANCHOR20,disabled,2014-01-09,risk_on,0.014315512653798861,-0.0016155458215386664,0.03235287727022551,0.46511627906976744,0.084041586852355,0.7054263565891473,0.7984496124031008,2014-01-06,2014-01-07,"{""long_momentum"": 0.1274128855138695, ""mean_reversion"": 0.11719918742091638, ""medium_momentum"": 0.12641367239222479, ""ridge"": 0.12744803330227145, ""risk_adjusted"": 0.12672721755844046, ""short_momentum"": 0.123554717681236, ""trend"": 0.1274543809615425, ""volume_momentum"": 0.12378990516949888}",0.02149359199761645,0.765601625158167,-0.02011132424284217,0.03865909353437953,3017.TW,2014-01-09,2014-01-10
0.041729530556422124,1487000,0,0.0027151802400855168,0.0027151802400855168,0.20900270807443871,D-1 estimated accounting; fill-day constraints require ledger audit,adaptive,V4_CAUSAL_7_EXPERTS_RIDGE_ANCHOR20,disabled,2014-01-09,risk_on,0.014315512653798861,-0.0016155458215386664,0.03235287727022551,0.46511627906976744,0.084041586852355,0.7054263565891473,0.7984496124031008,2014-01-06,2014-01-07,"{""long_momentum"": 0.1274128855138695, ""mean_reversion"": 0.11719918742091638, ""medium_momentum"": 0.12641367239222479, ""ridge"": 0.12744803330227145, ""risk_adjusted"": 0.12672721755844046, ""short_momentum"": 0.123554717681236, ""trend"": 0.1274543809615425, ""volume_momentum"": 0.12378990516949888}",0.02007721757501577,0.7528905646375279,-0.01818690714348469,0.02950610513792814,3105.TWO,2014-01-09,2014-01-10
0.03818230906332809,410000,0,-0.0008040931324694337,-0.0008040931324694337,0.11349693627942317,D-1 estimated accounting; fill-day constraints require ledger audit,adaptive,V4_CAUSAL_7_EXPERTS_RIDGE_ANCHOR20,disabled,2014-01-09,risk_on,0.014315512653798861,-0.0016155458215386664,0.03235287727022551,0.46511627906976744,0.084041586852355,0.7054263565891473,0.7984496124031008,2014-01-06,2014-01-07,"{""long_momentum"": 0.1274128855138695, ""mean_reversion"": 0.11719918742091638, ""medium_momentum"": 0.12641367239222479, ""ridge"": 0.12744803330227145, ""risk_adjusted"": 0.12672721755844046, ""short_momentum"": 0.123554717681236, ""trend"": 0.1274543809615425, ""volume_momentum"": 0.12378990516949888}",0.020316353148925943,0.5107758541304281,-0.02317786403982217,0.027458515289155713,3163.TWO,2014-01-09,2014-01-10
0.04211427090906999,711000,0,0.0029996321732351683,0.0029996321732351683,0.21488147316957978,D-1 estimated accounting; fill-day constraints require ledger audit,adaptive,V4_CAUSAL_7_EXPERTS_RIDGE_ANCHOR20,disabled,2014-01-09,risk_on,0.014315512653798861,-0.0016155458215386664,0.03235287727022551,0.46511627906976744,0.084041586852355,0.7054263565891473,0.7984496124031008,2014-01-06,2014-01-07,"{""long_momentum"": 0.1274128855138695, ""mean_reversion"": 0.11719918742091638, ""medium_momentum"": 0.12641367239222479, ""ridge"": 0.12744803330227145, ""risk_adjusted"": 0.12672721755844046, ""short_momentum"": 0.123554717681236, ""trend"": 0.1274543809615425, ""volume_momentum"": 0.12378990516949888}",0.020029064274906083,0.7528905646375279,-0.017489722907367417,0.029377824768110163,3293.TWO,2014-01-09,2014-01-10
0.0443201487577096,511000,0,0.005731289260983377,0.005731289260983377,0.23377493056094206,D-1 estimated accounting; fill-day constraints require ledger audit,adaptive,V4_CAUSAL_7_EXPERTS_RIDGE_ANCHOR20,disabled,2014-01-09,risk_on,0.014315512653798861,-0.0016155458215386664,0.03235287727022551,0.46511627906976744,0.084041586852355,0.7054263565891473,0.7984496124031008,2014-01-06,2014-01-07,"{""long_momentum"": 0.1274128855138695, ""mean_reversion"": 0.11719918742091638, ""medium_momentum"": 0.12641367239222479, ""ridge"": 0.12744803330227145, ""risk_adjusted"": 0.12672721755844046, ""short_momentum"": 0.123554717681236, ""trend"": 0.1274543809615425, ""volume_momentum"": 0.12378990516949888}",0.024413165615068795,0.765601625158167,-0.02674538912712141,0.04409680516336058,3653.TW,2014-01-09,2014-01-10
0.04238192285963213,763000,0,0.0032531552441571743,0.0032531552441571743,0.2185345992607966,D-1 estimated accounting; fill-day constraints require ledger audit,adaptive,V4_CAUSAL_7_EXPERTS_RIDGE_ANCHOR20,disabled,2014-01-09,risk_on,0.014315512653798861,-0.0016155458215386664,0.03235287727022551,0.46511627906976744,0.084041586852355,0.7054263565891473,0.7984496124031008,2014-01-06,2014-01-07,"{""long_momentum"": 0.1274128855138695, ""mean_reversion"": 0.11719918742091638, ""medium_momentum"": 0.12641367239222479, ""ridge"": 0.12744803330227145, ""risk_adjusted"": 0.12672721755844046, ""short_momentum"": 0.123554717681236, ""trend"": 0.1274543809615425, ""volume_momentum"": 0.12378990516949888}",0.020660477146239753,0.765601625158167,-0.020602297336056265,0.032997445338643024,3680.TWO,2014-01-09,2014-01-10
0.04178872137990641,176000,0,0.00663737122597198,0.00663737122597198,0.26420456022874994,D-1 estimated accounting; fill-day constraints require ledger audit,adaptive,V4_CAUSAL_7_EXPERTS_RIDGE_ANCHOR20,disabled,2014-01-09,risk_on,0.014315512653798861,-0.0016155458215386664,0.03235287727022551,0.46511627906976744,0.084041586852355,0.7054263565891473,0.7984496124031008,2014-01-06,2014-01-07,"{""long_momentum"": 0.1274128855138695, ""mean_reversion"": 0.11719918742091638, ""medium_momentum"": 0.12641367239222479, ""ridge"": 0.12744803330227145, ""risk_adjusted"": 0.12672721755844046, ""short_momentum"": 0.123554717681236, ""trend"": 0.1274543809615425, ""volume_momentum"": 0.12378990516949888}",0.022084947251268,0.765601625158167,-0.02126507362943767,0.04042865359565404,4966.TWO,2014-01-09,2014-01-10
0.038714578812996454,935000,0,0.0012350758496898358,0.0012350758496898358,0.057452743650535015,D-1 estimated accounting; fill-day constraints require ledger audit,adaptive,V4_CAUSAL_7_EXPERTS_RIDGE_ANCHOR20,disabled,2014-01-09,risk_on,0.014315512653798861,-0.0016155458215386664,0.03235287727022551,0.46511627906976744,0.084041586852355,0.7054263565891473,0.7984496124031008,2014-01-06,2014-01-07,"{""long_momentum"": 0.1274128855138695, ""mean_reversion"": 0.11719918742091638, ""medium_momentum"": 0.12641367239222479, ""ridge"": 0.12744803330227145, ""risk_adjusted"": 0.12672721755844046, ""short_momentum"": 0.123554717681236, ""trend"": 0.1274543809615425, ""volume_momentum"": 0.12378990516949888}",0.020941251553324672,0.2504146876939873,-0.02359587070222654,0.03195485991587862,4979.TWO,2014-01-09,2014-01-10
0.04815173490446723,813000,0,0.015292348715694744,0.015292348715694744,0.34129156337248784,D-1 estimated accounting; fill-day constraints require ledger audit,adaptive,V4_CAUSAL_7_EXPERTS_RIDGE_ANCHOR20,disabled,2014-01-09,risk_on,0.014315512653798861,-0.0016155458215386664,0.03235287727022551,0.46511627906976744,0.084041586852355,0.7054263565891473,0.7984496124031008,2014-01-06,2014-01-07,"{""long_momentum"": 0.1274128855138695, ""mean_reversion"": 0.11719918742091638, ""medium_momentum"": 0.12641367239222479, ""ridge"": 0.12744803330227145, ""risk_adjusted"": 0.12672721755844046, ""short_momentum"": 0.123554717681236, ""trend"": 0.1274543809615425, ""volume_momentum"": 0.12378990516949888}",0.025228422443996087,0.765601625158167,-0.018551212646771578,0.055024747592433476,5483.TWO,2014-01-09,2014-01-10
0.04769735828889668,1802000,0,0.012786845517313404,0.012786845517313404,0.31989076923614235,D-1 estimated accounting; fill-day constraints require ledger audit,adaptive,V4_CAUSAL_7_EXPERTS_RIDGE_ANCHOR20,disabled,2014-01-09,risk_on,0.014315512653798861,-0.0016155458215386664,0.03235287727022551,0.46511627906976744,0.084041586852355,0.7054263565891473,0.7984496124031008,2014-01-06,2014-01-07,"{""long_momentum"": 0.1274128855138695, ""mean_reversion"": 0.11719918742091638, ""medium_momentum"": 0.12641367239222479, ""ridge"": 0.12744803330227145, ""risk_adjusted"": 0.12672721755844046, ""short_momentum"": 0.123554717681236, ""trend"": 0.1274543809615425, ""volume_momentum"": 0.12378990516949888}",0.024782803700791736,0.765601625158167,-0.020319694327653542,0.051782222876552764,6274.TWO,2014-01-09,2014-01-10
0.042492047635425585,1525000,0,0.004714251466023086,0.004714251466023086,0.24248190978312645,D-1 estimated accounting; fill-day constraints require ledger audit,adaptive,V4_CAUSAL_7_EXPERTS_RIDGE_ANCHOR20,disabled,2014-01-09,risk_on,0.014315512653798861,-0.0016155458215386664,0.03235287727022551,0.46511627906976744,0.084041586852355,0.7054263565891473,0.7984496124031008,2014-01-06,2014-01-07,"{""long_momentum"": 0.1274128855138695, ""mean_reversion"": 0.11719918742091638, ""medium_momentum"": 0.12641367239222479, ""ridge"": 0.12744803330227145, ""risk_adjusted"": 0.12672721755844046, ""short_momentum"": 0.123554717681236, ""trend"": 0.1274543809615425, ""volume_momentum"": 0.12378990516949888}",0.020957095176842702,0.765601625158167,-0.020167755563443024,0.0354850960097616,6290.TWO,2014-01-09,2014-01-10
0.042048663601359254,1106000,0,0.004497941098615177,0.004497941098615177,0.2411188576159572,D-1 estimated accounting; fill-day constraints require ledger audit,adaptive,V4_CAUSAL_7_EXPERTS_RIDGE_ANCHOR20,disabled,2014-01-09,risk_on,0.014315512653798861,-0.0016155458215386664,0.03235287727022551,0.46511627906976744,0.084041586852355,0.7054263565891473,0.7984496124031008,2014-01-06,2014-01-07,"{""long_momentum"": 0.1274128855138695, ""mean_reversion"": 0.11719918742091638, ""medium_momentum"": 0.12641367239222479, ""ridge"": 0.12744803330227145, ""risk_adjusted"": 0.12672721755844046, ""short_momentum"": 0.123554717681236, ""trend"": 0.1274543809615425, ""volume_momentum"": 0.12378990516949888}",0.02065996198973742,0.765601625158167,-0.01935557576685844,0.0342402954783612,8046.TW,2014-01-09,2014-01-10
0.04021584340976063,2267000,0,0.0009434917944069321,0.0009434917944069321,0.11420973609129546,D-1 estimated accounting; fill-day constraints require ledger audit,adaptive,V4_CAUSAL_7_EXPERTS_RIDGE_ANCHOR20,disabled,2014-01-10,risk_on,0.014315512653798861,0.0032894188574299488,0.046647298087680866,0.5658914728682171,0.08080072958061654,0.751937984496124,0.813953488372093,2014-01-06,2014-01-07,"{""long_momentum"": 0.1274128855138695, ""mean_reversion"": 0.11719918742091638, ""medium_momentum"": 0.12641367239222479, ""ridge"": 0.12744803330227145, ""risk_adjusted"": 0.12672721755844046, ""short_momentum"": 0.123554717681236, ""trend"": 0.1274543809615425, ""volume_momentum"": 0.12378990516949888}",0.019972216568257165,0.49799449803298507,-0.018921501444628522,0.0266973225477148,1519.TW,2014-01-10,2014-01-13
0.040260108506293024,1244000,0,0.0005334798303141768,0.0005334798303141768,0.056896309087088905,D-1 estimated accounting; fill-day constraints require ledger audit,adaptive,V4_CAUSAL_7_EXPERTS_RIDGE_ANCHOR20,disabled,2014-01-10,risk_on,0.014315512653798861,0.0032894188574299488,0.046647298087680866,0.5658914728682171,0.08080072958061654,0.751937984496124,0.813953488372093,2014-01-06,2014-01-07,"{""long_momentum"": 0.1274128855138695, ""mean_reversion"": 0.11719918742091638, ""medium_momentum"": 0.12641367239222479, ""ridge"": 0.12744803330227145, ""risk_adjusted"": 0.12672721755844046, ""short_momentum"": 0.123554717681236, ""trend"": 0.1274543809615425, ""volume_momentum"": 0.12378990516949888}",0.020056950268645665,0.2631257482146265,-0.02020350874424744,0.027159305919148207,1802.TW,2014-01-10,2014-01-13
0.03937636712465546,1528000,0,-5.2833029701753034e-05,-5.2833029701753034e-05,0.05199375685049012,D-1 estimated accounting; fill-day constraints require ledger audit,adaptive,V4_CAUSAL_7_EXPERTS_RIDGE_ANCHOR20,disabled,2014-01-10,risk_on,0.014315512653798861,0.0032894188574299488,0.046647298087680866,0.5658914728682171,0.08080072958061654,0.751937984496124,0.813953488372093,2014-01-06,2014-01-07,"{""long_momentum"": 0.1274128855138695, ""mean_reversion"": 0.11719918742091638, ""medium_momentum"": 0.12641367239222479, ""ridge"": 0.12744803330227145, ""risk_adjusted"": 0.12672721755844046, ""short_momentum"": 0.123554717681236, ""trend"": 0.1274543809615425, ""volume_momentum"": 0.12378990516949888}",0.01995405710482254,0.25732141901354727,-0.019654606884513343,0.025437778339382246,2002.TW,2014-01-10,2014-01-13
0.04110278020127658,871000,0,0.004126840709054934,0.004126840709054934,0.23261141869017282,D-1 estimated accounting; fill-day constraints require ledger audit,adaptive,V4_CAUSAL_7_EXPERTS_RIDGE_ANCHOR20,disabled,2014-01-10,risk_on,0.014315512653798861,0.0032894188574299488,0.046647298087680866,0.5658914728682171,0.08080072958061654,0.751937984496124,0.813953488372093,2014-01-06,2014-01-07,"{""long_momentum"": 0.1274128855138695, ""mean_reversion"": 0.11719918742091638, ""medium_momentum"": 0.12641367239222479, ""ridge"": 0.12744803330227145, ""risk_adjusted"": 0.12672721755844046, ""short_momentum"": 0.123554717681236, ""trend"": 0.1274543809615425, ""volume_momentum"": 0.12378990516949888}",0.020413894193343246,0.7528905646375279,-0.018714187198850568,0.03285670613123284,2347.TW,2014-01-10,2014-01-13
0.04306117508094481,5733000,0,0.005474681970581381,0.005474681970581381,0.2562181358735226,D-1 estimated accounting; fill-day constraints require ledger audit,adaptive,V4_CAUSAL_7_EXPERTS_RIDGE_ANCHOR20,disabled,2014-01-10,risk_on,0.014315512653798861,0.0032894188574299488,0.046647298087680866,0.5658914728682171,0.08080072958061654,0.751937984496124,0.813953488372093,2014-01-06,2014-01-07,"{""long_momentum"": 0.1274128855138695, ""mean_reversion"": 0.11719918742091638, ""medium_momentum"": 0.12641367239222479, ""ridge"": 0.12744803330227145, ""risk_adjusted"": 0.12672721755844046, ""short_momentum"": 0.123554717681236, ""trend"": 0.1274543809615425, ""volume_momentum"": 0.12378990516949888}",0.020824560420483022,0.765601625158167,-0.018968282143730534,0.03580648359916571,2368.TW,2014-01-10,2014-01-13
0.03973157780415998,199000,0,0.0018253935327529028,0.0018253935327529028,0.12664311146927584,D-1 estimated accounting; fill-day constraints require ledger audit,adaptive,V4_CAUSAL_7_EXPERTS_RIDGE_ANCHOR20,disabled,2014-01-10,risk_on,0.014315512653798861,0.0032894188574299488,0.046647298087680866,0.5658914728682171,0.08080072958061654,0.751937984496124,0.813953488372093,2014-01-06,2014-01-07,"{""long_momentum"": 0.1274128855138695, ""mean_reversion"": 0.11719918742091638, ""medium_momentum"": 0.12641367239222479, ""ridge"": 0.12744803330227145, ""risk_adjusted"": 0.12672721755844046, ""short_momentum"": 0.123554717681236, ""trend"": 0.1274543809615425, ""volume_momentum"": 0.12378990516949888}",0.020013874602612503,0.49799449803298507,-0.018516286806816905,0.02805591138659512,2395.TW,2014-01-10,2014-01-13
0.041153005108791454,4335000,0,0.001691758888314156,0.001691758888314156,0.19093279389169723,D-1 estimated accounting; fill-day constraints require ledger audit,adaptive,V4_CAUSAL_7_EXPERTS_RIDGE_ANCHOR20,disabled,2014-01-10,risk_on,0.014315512653798861,0.0032894188574299488,0.046647298087680866,0.5658914728682171,0.08080072958061654,0.751937984496124,0.813953488372093,2014-01-06,2014-01-07,"{""long_momentum"": 0.1274128855138695, ""mean_reversion"": 0.11719918742091638, ""medium_momentum"": 0.12641367239222479, ""ridge"": 0.12744803330227145, ""risk_adjusted"": 0.12672721755844046, ""short_momentum"": 0.123554717681236, ""trend"": 0.1274543809615425, ""volume_momentum"": 0.12378990516949888}",0.020140831656429926,0.765601625158167,-0.019671085793356573,0.028943441084257296,2409.TW,2014-01-10,2014-01-13
0.04079958782211791,2018000,0,0.0019951503234826987,0.0019951503234826987,0.13360566304434696,D-1 estimated accounting; fill-day constraints require ledger audit,adaptive,V4_CAUSAL_7_EXPERTS_RIDGE_ANCHOR20,disabled,2014-01-10,risk_on,0.014315512653798861,0.0032894188574299488,0.046647298087680866,0.5658914728682171,0.08080072958061654,0.751937984496124,0.813953488372093,2014-01-06,2014-01-07,"{""long_momentum"": 0.1274128855138695, ""mean_reversion"": 0.11719918742091638, ""medium_momentum"": 0.12641367239222479, ""ridge"": 0.12744803330227145, ""risk_adjusted"": 0.12672721755844046, ""short_momentum"": 0.123554717681236, ""trend"": 0.1274543809615425, ""volume_momentum"": 0.12378990516949888}",0.020151384685057647,0.5184921897956951,-0.019437591136768316,0.029316729298006126,2449.TW,2014-01-10,2014-01-13
0.04045270007066873,2958000,0,0.001609741001902622,0.001609741001902622,0.0651460866143049,D-1 estimated accounting; fill-day constraints require ledger audit,adaptive,V4_CAUSAL_7_EXPERTS_RIDGE_ANCHOR20,disabled,2014-01-10,risk_on,0.014315512653798861,0.0032894188574299488,0.046647298087680866,0.5658914728682171,0.08080072958061654,0.751937984496124,0.813953488372093,2014-01-06,2014-01-07,"{""long_momentum"": 0.1274128855138695, ""mean_reversion"": 0.11719918742091638, ""medium_momentum"": 0.12641367239222479, ""ridge"": 0.12744803330227145, ""risk_adjusted"": 0.12672721755844046, ""short_momentum"": 0.123554717681236, ""trend"": 0.1274543809615425, ""volume_momentum"": 0.12378990516949888}",0.02008707437132698,0.2631257482146265,-0.019368943140596118,0.02847726265867377,2609.TW,2014-01-10,2014-01-13
0.039742031005467575,2318000,0,0.0014155726063206728,0.0014155726063206728,0.18563027661098902,D-1 estimated accounting; fill-day constraints require ledger audit,adaptive,V4_CAUSAL_7_EXPERTS_RIDGE_ANCHOR20,disabled,2014-01-10,risk_on,0.014315512653798861,0.0032894188574299488,0.046647298087680866,0.5658914728682171,0.08080072958061654,0.751937984496124,0.813953488372093,2014-01-06,2014-01-07,"{""long_momentum"": 0.1274128855138695, ""mean_reversion"": 0.11719918742091638, ""medium_momentum"": 0.12641367239222479, ""ridge"": 0.12744803330227145, ""risk_adjusted"": 0.12672721755844046, ""short_momentum"": 0.123554717681236, ""trend"": 0.1274543809615425, ""volume_momentum"": 0.12378990516949888}",0.02004440420022445,0.765601625158167,-0.01921330314142823,0.027933285868341984,2885.TW,2014-01-10,2014-01-13
0.04261391182632351,2033000,0,0.004113510356515359,0.004113510356515359,0.08112896907090797,D-1 estimated accounting; fill-day constraints require ledger audit,adaptive,V4_CAUSAL_7_EXPERTS_RIDGE_ANCHOR20,disabled,2014-01-10,risk_on,0.014315512653798861,0.0032894188574299488,0.046647298087680866,0.5658914728682171,0.08080072958061654,0.751937984496124,0.813953488372093,2014-01-06,2014-01-07,"{""long_momentum"": 0.1274128855138695, ""mean_reversion"": 0.11719918742091638, ""medium_momentum"": 0.12641367239222479, ""ridge"": 0.12744803330227145, ""risk_adjusted"": 0.12672721755844046, ""short_momentum"": 0.123554717681236, ""trend"": 0.1274543809615425, ""volume_momentum"": 0.12378990516949888}",0.02049719499511101,0.2635961231911523,-0.019092592397166104,0.033208450624469234,3017.TW,2014-01-10,2014-01-13
0.04207847012143023,1487000,0,0.002875257571976958,0.002875257571976958,0.28204590609321767,D-1 estimated accounting; fill-day constraints require ledger audit,adaptive,V4_CAUSAL_7_EXPERTS_RIDGE_ANCHOR20,disabled,2014-01-10,risk_on,0.014315512653798861,0.0032894188574299488,0.046647298087680866,0.5658914728682171,0.08080072958061654,0.751937984496124,0.813953488372093,2014-01-06,2014-01-07,"{""long_momentum"": 0.1274128855138695, ""mean_reversion"": 0.11719918742091638, ""medium_momentum"": 0.12641367239222479, ""ridge"": 0.12744803330227145, ""risk_adjusted"": 0.12672721755844046, ""short_momentum"": 0.123554717681236, ""trend"": 0.1274543809615425, ""volume_momentum"": 0.12378990516949888}",0.020046642380629136,0.9999999999999998,-0.017773273838194006,0.029412626496420333,3105.TWO,2014-01-10,2014-01-13
0.03859901555253477,410000,0,-0.0008522891198936575,-0.0008522891198936575,0.1685986731486969,D-1 estimated accounting; fill-day constraints require ledger audit,adaptive,V4_CAUSAL_7_EXPERTS_RIDGE_ANCHOR20,disabled,2014-01-10,risk_on,0.014315512653798861,0.0032894188574299488,0.046647298087680866,0.5658914728682171,0.08080072958061654,0.751937984496124,0.813953488372093,2014-01-06,2014-01-07,"{""long_momentum"": 0.1274128855138695, ""mean_reversion"": 0.11719918742091638, ""medium_momentum"": 0.12641367239222479, ""ridge"": 0.12744803330227145, ""risk_adjusted"": 0.12672721755844046, ""short_momentum"": 0.123554717681236, ""trend"": 0.1274543809615425, ""volume_momentum"": 0.12378990516949888}",0.020013721277432023,0.7451742289722609,-0.021192423382205644,0.02537668265669074,3163.TWO,2014-01-10,2014-01-13
0.04208681782010478,711000,0,0.002980008158468318,0.002980008158468318,0.21188040040306336,D-1 estimated accounting; fill-day constraints require ledger audit,adaptive,V4_CAUSAL_7_EXPERTS_RIDGE_ANCHOR20,disabled,2014-01-10,risk_on,0.014315512653798861,0.0032894188574299488,0.046647298087680866,0.5658914728682171,0.08080072958061654,0.751937984496124,0.813953488372093,2014-01-06,2014-01-07,"{""long_momentum"": 0.1274128855138695, ""mean_reversion"": 0.11719918742091638, ""medium_momentum"": 0.12641367239222479, ""ridge"": 0.12744803330227145, ""risk_adjusted"": 0.12672721755844046, ""short_momentum"": 0.123554717681236, ""trend"": 0.1274543809615425, ""volume_momentum"": 0.12378990516949888}",0.02037595509633034,0.7528905646375279,-0.01968504040952397,0.03153389424073302,3293.TWO,2014-01-10,2014-01-13
0.04358539074121107,511000,0,0.005450974955927981,0.005450974955927981,0.24110367104409333,D-1 estimated accounting; fill-day constraints require ledger audit,adaptive,V4_CAUSAL_7_EXPERTS_RIDGE_ANCHOR20,disabled,2014-01-10,risk_on,0.014315512653798861,0.0032894188574299488,0.046647298087680866,0.5658914728682171,0.08080072958061654,0.751937984496124,0.813953488372093,2014-01-06,2014-01-07,"{""long_momentum"": 0.1274128855138695, ""mean_reversion"": 0.11719918742091638, ""medium_momentum"": 0.12641367239222479, ""ridge"": 0.12744803330227145, ""risk_adjusted"": 0.12672721755844046, ""short_momentum"": 0.123554717681236, ""trend"": 0.1274543809615425, ""volume_momentum"": 0.12378990516949888}",0.022735095484627363,0.765601625158167,-0.023872005032809392,0.040662792458937766,3653.TW,2014-01-10,2014-01-13
0.043271497454552686,763000,0,0.004436678103609377,0.004436678103609377,0.24025578920942695,D-1 estimated accounting; fill-day constraints require ledger audit,adaptive,V4_CAUSAL_7_EXPERTS_RIDGE_ANCHOR20,disabled,2014-01-10,risk_on,0.014315512653798861,0.0032894188574299488,0.046647298087680866,0.5658914728682171,0.08080072958061654,0.751937984496124,0.813953488372093,2014-01-06,2014-01-07,"{""long_momentum"": 0.1274128855138695, ""mean_reversion"": 0.11719918742091638, ""medium_momentum"": 0.12641367239222479, ""ridge"": 0.12744803330227145, ""risk_adjusted"": 0.12672721755844046, ""short_momentum"": 0.123554717681236, ""trend"": 0.1274543809615425, ""volume_momentum"": 0.12378990516949888}",0.02063433960627043,0.765601625158167,-0.01931974854889666,0.03408194227038783,3680.TWO,2014-01-10,2014-01-13
0.04022253147694795,176000,0,0.00493200095576819,0.00493200095576819,0.1561353757787002,D-1 estimated accounting; fill-day constraints require ledger audit,adaptive,V4_CAUSAL_7_EXPERTS_RIDGE_ANCHOR20,disabled,2014-01-10,risk_on,0.014315512653798861,0.0032894188574299488,0.046647298087680866,0.5658914728682171,0.08080072958061654,0.751937984496124,0.813953488372093,2014-01-06,2014-01-07,"{""long_momentum"": 0.1274128855138695, ""mean_reversion"": 0.11719918742091638, ""medium_momentum"": 0.12641367239222479, ""ridge"": 0.12744803330227145, ""risk_adjusted"": 0.12672721755844046, ""short_momentum"": 0.123554717681236, ""trend"": 0.1274543809615425, ""volume_momentum"": 0.12378990516949888}",0.02174616170124093,0.49799449803298507,-0.022158130481435417,0.037910969907244206,4966.TWO,2014-01-10,2014-01-13
0.03971837506411982,935000,0,0.0012236201640834386,0.0012236201640834386,0.0617021586478795,D-1 estimated accounting; fill-day constraints require ledger audit,adaptive,V4_CAUSAL_7_EXPERTS_RIDGE_ANCHOR20,disabled,2014-01-10,risk_on,0.014315512653798861,0.0032894188574299488,0.046647298087680866,0.5658914728682171,0.08080072958061654,0.751937984496124,0.813953488372093,2014-01-06,2014-01-07,"{""long_momentum"": 0.1274128855138695, ""mean_reversion"": 0.11719918742091638, ""medium_momentum"": 0.12641367239222479, ""ridge"": 0.12744803330227145, ""risk_adjusted"": 0.12672721755844046, ""short_momentum"": 0.123554717681236, ""trend"": 0.1274543809615425, ""volume_momentum"": 0.12378990516949888}",0.020316694602268256,0.2631257482146265,-0.02115187704358707,0.02948795488602636,4979.TWO,2014-01-10,2014-01-13
0.04836215695011281,813000,0,0.01292550439656479,0.01292550439656479,0.3270915911039823,D-1 estimated accounting; fill-day constraints require ledger audit,adaptive,V4_CAUSAL_7_EXPERTS_RIDGE_ANCHOR20,disabled,2014-01-10,risk_on,0.014315512653798861,0.0032894188574299488,0.046647298087680866,0.5658914728682171,0.08080072958061654,0.751937984496124,0.813953488372093,2014-01-06,2014-01-07,"{""long_momentum"": 0.1274128855138695, ""mean_reversion"": 0.11719918742091638, ""medium_momentum"": 0.12641367239222479, ""ridge"": 0.12744803330227145, ""risk_adjusted"": 0.12672721755844046, ""short_momentum"": 0.123554717681236, ""trend"": 0.1274543809615425, ""volume_momentum"": 0.12378990516949888}",0.02403153660063737,0.765601625158167,-0.01888060638172602,0.050620452689128015,5483.TWO,2014-01-10,2014-01-13
0.04795307017382152,1802000,0,0.011541607673289137,0.011541607673289137,0.4187906270815945,D-1 estimated accounting; fill-day constraints require ledger audit,adaptive,V4_CAUSAL_7_EXPERTS_RIDGE_ANCHOR20,disabled,2014-01-10,risk_on,0.014315512653798861,0.0032894188574299488,0.046647298087680866,0.5658914728682171,0.08080072958061654,0.751937984496124,0.813953488372093,2014-01-06,2014-01-07,"{""long_momentum"": 0.1274128855138695, ""mean_reversion"": 0.11719918742091638, ""medium_momentum"": 0.12641367239222479, ""ridge"": 0.12744803330227145, ""risk_adjusted"": 0.12672721755844046, ""short_momentum"": 0.123554717681236, ""trend"": 0.1274543809615425, ""volume_momentum"": 0.12378990516949888}",0.022956906867405855,0.9999999999999998,-0.018234102214796856,0.047206155075647536,6274.TWO,2014-01-10,2014-01-13
0.04247323947981681,1525000,0,0.004329714204807195,0.004329714204807195,0.23948735397127816,D-1 estimated accounting; fill-day constraints require ledger audit,adaptive,V4_CAUSAL_7_EXPERTS_RIDGE_ANCHOR20,disabled,2014-01-10,risk_on,0.014315512653798861,0.0032894188574299488,0.046647298087680866,0.5658914728682171,0.08080072958061654,0.751937984496124,0.813953488372093,2014-01-06,2014-01-07,"{""long_momentum"": 0.1274128855138695, ""mean_reversion"": 0.11719918742091638, ""medium_momentum"": 0.12641367239222479, ""ridge"": 0.12744803330227145, ""risk_adjusted"": 0.12672721755844046, ""short_momentum"": 0.123554717681236, ""trend"": 0.1274543809615425, ""volume_momentum"": 0.12378990516949888}",0.02049584542920283,0.765601625158167,-0.018870681777012503,0.0334189477008993,6290.TWO,2014-01-10,2014-01-13
0.041332304758897834,1106000,0,0.003211170775614041,0.003211170775614041,0.22124995336918085,D-1 estimated accounting; fill-day constraints require ledger audit,adaptive,V4_CAUSAL_7_EXPERTS_RIDGE_ANCHOR20,disabled,2014-01-10,risk_on,0.014315512653798861,0.0032894188574299488,0.046647298087680866,0.5658914728682171,0.08080072958061654,0.751937984496124,0.813953488372093,2014-01-06,2014-01-07,"{""long_momentum"": 0.1274128855138695, ""mean_reversion"": 0.11719918742091638, ""medium_momentum"": 0.12641367239222479, ""ridge"": 0.12744803330227145, ""risk_adjusted"": 0.12672721755844046, ""short_momentum"": 0.123554717681236, ""trend"": 0.1274543809615425, ""volume_momentum"": 0.12378990516949888}",0.020202329858086145,0.765601625158167,-0.01853927285041613,0.03085045191591662,8046.TW,2014-01-10,2014-01-13
0.04009296243202643,2267000,0,0.0005131567716567991,0.0005131567716567991,0.030260697663209248,D-1 estimated accounting; fill-day constraints require ledger audit,adaptive,V4_CAUSAL_7_EXPERTS_RIDGE_ANCHOR20,disabled,2014-01-13,risk_on,0.01428737529799746,0.006711392213426537,0.04500004582489425,0.6201550387596899,0.07834126014931664,0.7209302325581395,0.7984496124031008,2014-01-06,2014-01-07,"{""long_momentum"": 0.1274128855138695, ""mean_reversion"": 0.11719918742091638, ""medium_momentum"": 0.12641367239222479, ""ridge"": 0.12744803330227145, ""risk_adjusted"": 0.12672721755844046, ""short_momentum"": 0.123554717681236, ""trend"": 0.1274543809615425, ""volume_momentum"": 0.12378990516949888}",0.019957954508864218,0.13980621802165338,-0.019149564915829337,0.026064715973415344,1519.TW,2014-01-13,2014-01-14
0.04080426182451071,1244000,0,0.0008233053184431971,0.0008233053184431971,0.058645701503153784,D-1 estimated accounting; fill-day constraints require ledger audit,adaptive,V4_CAUSAL_7_EXPERTS_RIDGE_ANCHOR20,disabled,2014-01-13,risk_on,0.01428737529799746,0.006711392213426537,0.04500004582489425,0.6201550387596899,0.07834126014931664,0.7209302325581395,0.7984496124031008,2014-01-06,2014-01-07,"{""long_momentum"": 0.1274128855138695, ""mean_reversion"": 0.11719918742091638, ""medium_momentum"": 0.12641367239222479, ""ridge"": 0.12744803330227145, ""risk_adjusted"": 0.12672721755844046, ""short_momentum"": 0.123554717681236, ""trend"": 0.1274543809615425, ""volume_momentum"": 0.12378990516949888}",0.020304126526074506,0.2631257482146265,-0.02148817386794145,0.02902362201910026,1802.TW,2014-01-13,2014-01-14
0.03974453147243816,1528000,0,-0.0003234878751128021,-0.0003234878751128021,0.05149534222475859,D-1 estimated accounting; fill-day constraints require ledger audit,adaptive,V4_CAUSAL_7_EXPERTS_RIDGE_ANCHOR20,disabled,2014-01-13,risk_on,0.01428737529799746,0.006711392213426537,0.04500004582489425,0.6201550387596899,0.07834126014931664,0.7209302325581395,0.7984496124031008,2014-01-06,2014-01-07,"{""long_momentum"": 0.1274128855138695, ""mean_reversion"": 0.11719918742091638, ""medium_momentum"": 0.12641367239222479, ""ridge"": 0.12744803330227145, ""risk_adjusted"": 0.12672721755844046, ""short_momentum"": 0.123554717681236, ""trend"": 0.1274543809615425, ""volume_momentum"": 0.12378990516949888}",0.019963853101871966,0.24461035849290802,-0.0200734128090524,0.025315274573099206,2002.TW,2014-01-13,2014-01-14
0.041739428727633095,871000,0,0.004047720704981578,0.004047720704981578,0.23195169612290012,D-1 estimated accounting; fill-day constraints require ledger audit,adaptive,V4_CAUSAL_7_EXPERTS_RIDGE_ANCHOR20,disabled,2014-01-13,risk_on,0.01428737529799746,0.006711392213426537,0.04500004582489425,0.6201550387596899,0.07834126014931664,0.7209302325581395,0.7984496124031008,2014-01-06,2014-01-07,"{""long_momentum"": 0.1274128855138695, ""mean_reversion"": 0.11719918742091638, ""medium_momentum"": 0.12641367239222479, ""ridge"": 0.12744803330227145, ""risk_adjusted"": 0.12672721755844046, ""short_momentum"": 0.123554717681236, ""trend"": 0.1274543809615425, ""volume_momentum"": 0.12378990516949888}",0.020320219534812615,0.7528905646375279,-0.01834555619947334,0.032329835123708905,2347.TW,2014-01-13,2014-01-14
0.04282267507396471,5733000,0,0.004152579510320232,0.004152579510320232,0.23552109145637287,D-1 estimated accounting; fill-day constraints require ledger audit,adaptive,V4_CAUSAL_7_EXPERTS_RIDGE_ANCHOR20,disabled,2014-01-13,risk_on,0.01428737529799746,0.006711392213426537,0.04500004582489425,0.6201550387596899,0.07834126014931664,0.7209302325581395,0.7984496124031008,2014-01-06,2014-01-07,"{""long_momentum"": 0.1274128855138695, ""mean_reversion"": 0.11719918742091638, ""medium_momentum"": 0.12641367239222479, ""ridge"": 0.12744803330227145, ""risk_adjusted"": 0.12672721755844046, ""short_momentum"": 0.123554717681236, ""trend"": 0.1274543809615425, ""volume_momentum"": 0.12378990516949888}",0.020599446960686954,0.765601625158167,-0.01946895152452751,0.03366294805944039,2368.TW,2014-01-13,2014-01-14
0.039721129393062826,199000,0,0.0012601159094321592,0.0012601159094321592,0.12038839922694516,D-1 estimated accounting; fill-day constraints require ledger audit,adaptive,V4_CAUSAL_7_EXPERTS_RIDGE_ANCHOR20,disabled,2014-01-13,risk_on,0.01428737529799746,0.006711392213426537,0.04500004582489425,0.6201550387596899,0.07834126014931664,0.7209302325581395,0.7984496124031008,2014-01-06,2014-01-07,"{""long_momentum"": 0.1274128855138695, ""mean_reversion"": 0.11719918742091638, ""medium_momentum"": 0.12641367239222479, ""ridge"": 0.12744803330227145, ""risk_adjusted"": 0.12672721755844046, ""short_momentum"": 0.123554717681236, ""trend"": 0.1274543809615425, ""volume_momentum"": 0.12378990516949888}",0.020015703957797937,0.5053107542985302,-0.01909991989296591,0.02750898922610264,2395.TW,2014-01-13,2014-01-14
0.04101334516436884,4335000,0,0.0014917817791466905,0.0014917817791466905,0.18689735614795128,D-1 estimated accounting; fill-day constraints require ledger audit,adaptive,V4_CAUSAL_7_EXPERTS_RIDGE_ANCHOR20,disabled,2014-01-13,risk_on,0.01428737529799746,0.006711392213426537,0.04500004582489425,0.6201550387596899,0.07834126014931664,0.7209302325581395,0.7984496124031008,2014-01-06,2014-01-07,"{""long_momentum"": 0.1274128855138695, ""mean_reversion"": 0.11719918742091638, ""medium_momentum"": 0.12641367239222479, ""ridge"": 0.12744803330227145, ""risk_adjusted"": 0.12672721755844046, ""short_momentum"": 0.123554717681236, ""trend"": 0.1274543809615425, ""volume_momentum"": 0.12378990516949888}",0.020100989690303356,0.765601625158167,-0.019591438234516766,0.028463839307082555,2409.TW,2014-01-13,2014-01-14
0.04178858547637387,2018000,0,0.0035960134240072697,0.0035960134240072697,0.2252366782028344,D-1 estimated accounting; fill-day constraints require ledger audit,adaptive,V4_CAUSAL_7_EXPERTS_RIDGE_ANCHOR20,disabled,2014-01-13,risk_on,0.01428737529799746,0.006711392213426537,0.04500004582489425,0.6201550387596899,0.07834126014931664,0.7209302325581395,0.7984496124031008,2014-01-06,2014-01-07,"{""long_momentum"": 0.1274128855138695, ""mean_reversion"": 0.11719918742091638, ""medium_momentum"": 0.12641367239222479, ""ridge"": 0.12744803330227145, ""risk_adjusted"": 0.12672721755844046, ""short_momentum"": 0.123554717681236, ""trend"": 0.1274543809615425, ""volume_momentum"": 0.12378990516949888}",0.020622681771696287,0.765601625158167,-0.020115696508417998,0.033196560870704946,2449.TW,2014-01-13,2014-01-14
0.04044206202245399,2958000,0,0.0011340864289033376,0.0011340864289033376,0.06146104417169485,D-1 estimated accounting; fill-day constraints require ledger audit,adaptive,V4_CAUSAL_7_EXPERTS_RIDGE_ANCHOR20,disabled,2014-01-13,risk_on,0.01428737529799746,0.006711392213426537,0.04500004582489425,0.6201550387596899,0.07834126014931664,0.7209302325581395,0.7984496124031008,2014-01-06,2014-01-07,"{""long_momentum"": 0.1274128855138695, ""mean_reversion"": 0.11719918742091638, ""medium_momentum"": 0.12641367239222479, ""ridge"": 0.12744803330227145, ""risk_adjusted"": 0.12672721755844046, ""short_momentum"": 0.123554717681236, ""trend"": 0.1274543809615425, ""volume_momentum"": 0.12378990516949888}",0.020127037230328305,0.2631257482146265,-0.020134922053227512,0.028291932425306594,2609.TW,2014-01-13,2014-01-14
0.03984641100106262,2318000,0,0.001394445805517751,0.001394445805517751,0.18557477234675715,D-1 estimated accounting; fill-day constraints require ledger audit,adaptive,V4_CAUSAL_7_EXPERTS_RIDGE_ANCHOR20,disabled,2014-01-13,risk_on,0.01428737529799746,0.006711392213426537,0.04500004582489425,0.6201550387596899,0.07834126014931664,0.7209302325581395,0.7984496124031008,2014-01-06,2014-01-07,"{""long_momentum"": 0.1274128855138695, ""mean_reversion"": 0.11719918742091638, ""medium_momentum"": 0.12641367239222479, ""ridge"": 0.12744803330227145, ""risk_adjusted"": 0.12672721755844046, ""short_momentum"": 0.123554717681236, ""trend"": 0.1274543809615425, ""volume_momentum"": 0.12378990516949888}",0.019986284930568008,0.765601625158167,-0.01864656369165516,0.027324292816963074,2885.TW,2014-01-13,2014-01-14
0.042099127355068745,2033000,0,0.0036204626991378722,0.0036204626991378722,0.1473319126559574,D-1 estimated accounting; fill-day constraints require ledger audit,adaptive,V4_CAUSAL_7_EXPERTS_RIDGE_ANCHOR20,disabled,2014-01-13,risk_on,0.01428737529799746,0.006711392213426537,0.04500004582489425,0.6201550387596899,0.07834126014931664,0.7209302325581395,0.7984496124031008,2014-01-06,2014-01-07,"{""long_momentum"": 0.1274128855138695, ""mean_reversion"": 0.11719918742091638, ""medium_momentum"": 0.12641367239222479, ""ridge"": 0.12744803330227145, ""risk_adjusted"": 0.12672721755844046, ""short_momentum"": 0.123554717681236, ""trend"": 0.1274543809615425, ""volume_momentum"": 0.12378990516949888}",0.020517440401963623,0.49799449803298507,-0.019670502017164547,0.0328002649297127,3017.TW,2014-01-13,2014-01-14
0.04214107774920823,1487000,0,0.00229756958653556,0.00229756958653556,0.20440292247498437,D-1 estimated accounting; fill-day constraints require ledger audit,adaptive,V4_CAUSAL_7_EXPERTS_RIDGE_ANCHOR20,disabled,2014-01-13,risk_on,0.01428737529799746,0.006711392213426537,0.04500004582489425,0.6201550387596899,0.07834126014931664,0.7209302325581395,0.7984496124031008,2014-01-06,2014-01-07,"{""long_momentum"": 0.1274128855138695, ""mean_reversion"": 0.11719918742091638, ""medium_momentum"": 0.12641367239222479, ""ridge"": 0.12744803330227145, ""risk_adjusted"": 0.12672721755844046, ""short_momentum"": 0.123554717681236, ""trend"": 0.1274543809615425, ""volume_momentum"": 0.12378990516949888}",0.02003585142088766,0.765601625158167,-0.01825459676679698,0.02873857345414051,3105.TWO,2014-01-13,2014-01-14
0.037531635799527834,410000,0,-0.0008919619104026557,-0.0008919619104026557,0.11543053350033596,D-1 estimated accounting; fill-day constraints require ledger audit,adaptive,V4_CAUSAL_7_EXPERTS_RIDGE_ANCHOR20,disabled,2014-01-13,risk_on,0.01428737529799746,0.006711392213426537,0.04500004582489425,0.6201550387596899,0.07834126014931664,0.7209302325581395,0.7984496124031008,2014-01-06,2014-01-07,"{""long_momentum"": 0.1274128855138695, ""mean_reversion"": 0.11719918742091638, ""medium_momentum"": 0.12641367239222479, ""ridge"": 0.12744803330227145, ""risk_adjusted"": 0.12672721755844046, ""short_momentum"": 0.123554717681236, ""trend"": 0.1274543809615425, ""volume_momentum"": 0.12378990516949888}",0.020179752271539564,0.5107758541304281,-0.02250533538633025,0.02661024907979735,3163.TWO,2014-01-13,2014-01-14
0.044049152051715425,711000,0,0.004879876586885885,0.004879876586885885,0.2508807948500721,D-1 estimated accounting; fill-day constraints require ledger audit,adaptive,V4_CAUSAL_7_EXPERTS_RIDGE_ANCHOR20,disabled,2014-01-13,risk_on,0.01428737529799746,0.006711392213426537,0.04500004582489425,0.6201550387596899,0.07834126014931664,0.7209302325581395,0.7984496124031008,2014-01-06,2014-01-07,"{""long_momentum"": 0.1274128855138695, ""mean_reversion"": 0.11719918742091638, ""medium_momentum"": 0.12641367239222479, ""ridge"": 0.12744803330227145, ""risk_adjusted"": 0.12672721755844046, ""short_momentum"": 0.123554717681236, ""trend"": 0.1274543809615425, ""volume_momentum"": 0.12378990516949888}",0.02027009792910798,0.765601625158167,-0.017253038194653136,0.03290162888269731,3293.TWO,2014-01-13,2014-01-14
0.044435273979355816,511000,0,0.006997797056132446,0.006997797056132446,0.27850969444327417,D-1 estimated accounting; fill-day constraints require ledger audit,adaptive,V4_CAUSAL_7_EXPERTS_RIDGE_ANCHOR20,disabled,2014-01-13,risk_on,0.01428737529799746,0.006711392213426537,0.04500004582489425,0.6201550387596899,0.07834126014931664,0.7209302325581395,0.7984496124031008,2014-01-06,2014-01-07,"{""long_momentum"": 0.1274128855138695, ""mean_reversion"": 0.11719918742091638, ""medium_momentum"": 0.12641367239222479, ""ridge"": 0.12744803330227145, ""risk_adjusted"": 0.12672721755844046, ""short_momentum"": 0.123554717681236, ""trend"": 0.1274543809615425, ""volume_momentum"": 0.12378990516949888}",0.020983219790890628,0.765601625158167,-0.017967625306200375,0.037852056932737674,3653.TW,2014-01-13,2014-01-14
0.04174752659002011,763000,0,0.0033711804131141567,0.0033711804131141567,0.1465157962027908,D-1 estimated accounting; fill-day constraints require ledger audit,adaptive,V4_CAUSAL_7_EXPERTS_RIDGE_ANCHOR20,disabled,2014-01-13,risk_on,0.01428737529799746,0.006711392213426537,0.04500004582489425,0.6201550387596899,0.07834126014931664,0.7209302325581395,0.7984496124031008,2014-01-06,2014-01-07,"{""long_momentum"": 0.1274128855138695, ""mean_reversion"": 0.11719918742091638, ""medium_momentum"": 0.12641367239222479, ""ridge"": 0.12744803330227145, ""risk_adjusted"": 0.12672721755844046, ""short_momentum"": 0.123554717681236, ""trend"": 0.1274543809615425, ""volume_momentum"": 0.12378990516949888}",0.020081736581599174,0.49799449803298507,-0.017566301475144836,0.03019749981564556,3680.TWO,2014-01-13,2014-01-14
0.04021195395731581,176000,0,0.00417517960874656,0.00417517960874656,0.15431654830746305,D-1 estimated accounting; fill-day constraints require ledger audit,adaptive,V4_CAUSAL_7_EXPERTS_RIDGE_ANCHOR20,disabled,2014-01-13,risk_on,0.01428737529799746,0.006711392213426537,0.04500004582489425,0.6201550387596899,0.07834126014931664,0.7209302325581395,0.7984496124031008,2014-01-06,2014-01-07,"{""long_momentum"": 0.1274128855138695, ""mean_reversion"": 0.11719918742091638, ""medium_momentum"": 0.12641367239222479, ""ridge"": 0.12744803330227145, ""risk_adjusted"": 0.12672721755844046, ""short_momentum"": 0.123554717681236, ""trend"": 0.1274543809615425, ""volume_momentum"": 0.12378990516949888}",0.020434016642302873,0.49799449803298507,-0.018756567205351845,0.03299576393711738,4966.TWO,2014-01-13,2014-01-14
0.03854958910619702,935000,0,0.0006803626212027104,0.0006803626212027104,0.055472414106360654,D-1 estimated accounting; fill-day constraints require ledger audit,adaptive,V4_CAUSAL_7_EXPERTS_RIDGE_ANCHOR20,disabled,2014-01-13,risk_on,0.01428737529799746,0.006711392213426537,0.04500004582489425,0.6201550387596899,0.07834126014931664,0.7209302325581395,0.7984496124031008,2014-01-06,2014-01-07,"{""long_momentum"": 0.1274128855138695, ""mean_reversion"": 0.11719918742091638, ""medium_momentum"": 0.12641367239222479, ""ridge"": 0.12744803330227145, ""risk_adjusted"": 0.12672721755844046, ""short_momentum"": 0.123554717681236, ""trend"": 0.1274543809615425, ""volume_momentum"": 0.12378990516949888}",0.020173881240038414,0.25248340951408066,-0.02089643774601887,0.0281460005026967,4979.TWO,2014-01-13,2014-01-14
0.046657208550649205,813000,0,0.010838266268456482,0.010838266268456482,0.2014939816016249,D-1 estimated accounting; fill-day constraints require ledger audit,adaptive,V4_CAUSAL_7_EXPERTS_RIDGE_ANCHOR20,disabled,2014-01-13,risk_on,0.01428737529799746,0.006711392213426537,0.04500004582489425,0.6201550387596899,0.07834126014931664,0.7209302325581395,0.7984496124031008,2014-01-06,2014-01-07,"{""long_momentum"": 0.1274128855138695, ""mean_reversion"": 0.11719918742091638, ""medium_momentum"": 0.12641367239222479, ""ridge"": 0.12744803330227145, ""risk_adjusted"": 0.12672721755844046, ""short_momentum"": 0.123554717681236, ""trend"": 0.1274543809615425, ""volume_momentum"": 0.12378990516949888}",0.023306175651734047,0.49799449803298507,-0.019624269279504433,0.047189639330689814,5483.TWO,2014-01-13,2014-01-14
0.049101029504167955,1802000,0,0.010111426840502976,0.010111426840502976,0.303003769745527,D-1 estimated accounting; fill-day constraints require ledger audit,adaptive,V4_CAUSAL_7_EXPERTS_RIDGE_ANCHOR20,disabled,2014-01-13,risk_on,0.01428737529799746,0.006711392213426537,0.04500004582489425,0.6201550387596899,0.07834126014931664,0.7209302325581395,0.7984496124031008,2014-01-06,2014-01-07,"{""long_momentum"": 0.1274128855138695, ""mean_reversion"": 0.11719918742091638, ""medium_momentum"": 0.12641367239222479, ""ridge"": 0.12744803330227145, ""risk_adjusted"": 0.12672721755844046, ""short_momentum"": 0.123554717681236, ""trend"": 0.1274543809615425, ""volume_momentum"": 0.12378990516949888}",0.023070715108635634,0.765601625158167,-0.019891381977339313,0.046003073172617676,6274.TWO,2014-01-13,2014-01-14
0.04246207008028024,1525000,0,0.004754797473081181,0.004754797473081181,0.3262144013939832,D-1 estimated accounting; fill-day constraints require ledger audit,adaptive,V4_CAUSAL_7_EXPERTS_RIDGE_ANCHOR20,disabled,2014-01-13,risk_on,0.01428737529799746,0.006711392213426537,0.04500004582489425,0.6201550387596899,0.07834126014931664,0.7209302325581395,0.7984496124031008,2014-01-06,2014-01-07,"{""long_momentum"": 0.1274128855138695, ""mean_reversion"": 0.11719918742091638, ""medium_momentum"": 0.12641367239222479, ""ridge"": 0.12744803330227145, ""risk_adjusted"": 0.12672721755844046, ""short_momentum"": 0.123554717681236, ""trend"": 0.1274543809615425, ""volume_momentum"": 0.12378990516949888}",0.020148227750197933,0.9999999999999998,-0.0166571981701736,0.032055630630608366,6290.TWO,2014-01-13,2014-01-14
0.041211829467218866,1106000,0,0.00308328345454954,0.00308328345454954,0.21537472685368586,D-1 estimated accounting; fill-day constraints require ledger audit,adaptive,V4_CAUSAL_7_EXPERTS_RIDGE_ANCHOR20,disabled,2014-01-13,risk_on,0.01428737529799746,0.006711392213426537,0.04500004582489425,0.6201550387596899,0.07834126014931664,0.7209302325581395,0.7984496124031008,2014-01-06,2014-01-07,"{""long_momentum"": 0.1274128855138695, ""mean_reversion"": 0.11719918742091638, ""medium_momentum"": 0.12641367239222479, ""ridge"": 0.12744803330227145, ""risk_adjusted"": 0.12672721755844046, ""short_momentum"": 0.123554717681236, ""trend"": 0.1274543809615425, ""volume_momentum"": 0.12378990516949888}",0.020173643126977264,0.7528905646375279,-0.018492025065200767,0.030547429488572257,8046.TW,2014-01-13,2014-01-14
0.04038214374014202,2267000,0,1.7803129678827035e-05,1.7803129678827035e-05,0.0020555269259175187,D-1 estimated accounting; fill-day constraints require ledger audit,adaptive,V4_CAUSAL_7_EXPERTS_RIDGE_ANCHOR20,disabled,2014-01-14,risk_on,0.014138792345733793,0.0,0.04260985352862878,0.4883720930232558,0.07852608197857004,0.6976744186046512,0.7674418604651163,2014-01-06,2014-01-07,"{""long_momentum"": 0.1274128855138695, ""mean_reversion"": 0.11719918742091638, ""medium_momentum"": 0.12641367239222479, ""ridge"": 0.12744803330227145, ""risk_adjusted"": 0.12672721755844046, ""short_momentum"": 0.123554717681236, ""trend"": 0.1274543809615425, ""volume_momentum"": 0.12378990516949888}",0.020121911807196042,0.010298403430176961,-0.021215576974745395,0.02714002074837546,1519.TW,2014-01-14,2014-01-15
0.04024086481308554,1244000,0,0.0006514403688791408,0.0006514403688791408,0.11419680512558215,D-1 estimated accounting; fill-day constraints require ledger audit,adaptive,V4_CAUSAL_7_EXPERTS_RIDGE_ANCHOR20,disabled,2014-01-14,risk_on,0.014138792345733793,0.0,0.04260985352862878,0.4883720930232558,0.07852608197857004,0.6976744186046512,0.7674418604651163,2014-01-06,2014-01-07,"{""long_momentum"": 0.1274128855138695, ""mean_reversion"": 0.11719918742091638, ""medium_momentum"": 0.12641367239222479, ""ridge"": 0.12744803330227145, ""risk_adjusted"": 0.12672721755844046, ""short_momentum"": 0.123554717681236, ""trend"": 0.1274543809615425, ""volume_momentum"": 0.12378990516949888}",0.019984735643310006,0.5180218148191693,-0.01937109064238493,0.026562808894415625,1802.TW,2014-01-14,2014-01-15
0.04052767595884052,1528000,0,-5.3780062072523245e-06,-5.3780062072523245e-06,0.00203714989077364,D-1 estimated accounting; fill-day constraints require ledger audit,adaptive,V4_CAUSAL_7_EXPERTS_RIDGE_ANCHOR20,disabled,2014-01-14,risk_on,0.014138792345733793,0.0,0.04260985352862878,0.4883720930232558,0.07852608197857004,0.6976744186046512,0.7674418604651163,2014-01-06,2014-01-07,"{""long_momentum"": 0.1274128855138695, ""mean_reversion"": 0.11719918742091638, ""medium_momentum"": 0.12641367239222479, ""ridge"": 0.12744803330227145, ""risk_adjusted"": 0.12672721755844046, ""short_momentum"": 0.123554717681236, ""trend"": 0.1274543809615425, ""volume_momentum"": 0.12378990516949888}",0.020298308414668304,0.010298403430176961,-0.0222868815809893,0.028164963082847203,2002.TW,2014-01-14,2014-01-15
0.04482775380891997,871000,0,0.007032262715551949,0.007032262715551949,0.2568867885998494,D-1 estimated accounting; fill-day constraints require ledger audit,adaptive,V4_CAUSAL_7_EXPERTS_RIDGE_ANCHOR20,disabled,2014-01-14,risk_on,0.014138792345733793,0.0,0.04260985352862878,0.4883720930232558,0.07852608197857004,0.6976744186046512,0.7674418604651163,2014-01-06,2014-01-07,"{""long_momentum"": 0.1274128855138695, ""mean_reversion"": 0.11719918742091638, ""medium_momentum"": 0.12641367239222479, ""ridge"": 0.12744803330227145, ""risk_adjusted"": 0.12672721755844046, ""short_momentum"": 0.123554717681236, ""trend"": 0.1274543809615425, ""volume_momentum"": 0.12378990516949888}",0.023827580212010695,0.765601625158167,-0.024405947026308175,0.04435930997168448,2347.TW,2014-01-14,2014-01-15
0.042098364328831364,5733000,0,0.002411065234752145,0.002411065234752145,0.13936090627861428,D-1 estimated accounting; fill-day constraints require ledger audit,adaptive,V4_CAUSAL_7_EXPERTS_RIDGE_ANCHOR20,disabled,2014-01-14,risk_on,0.014138792345733793,0.0,0.04260985352862878,0.4883720930232558,0.07852608197857004,0.6976744186046512,0.7674418604651163,2014-01-06,2014-01-07,"{""long_momentum"": 0.1274128855138695, ""mean_reversion"": 0.11719918742091638, ""medium_momentum"": 0.12641367239222479, ""ridge"": 0.12744803330227145, ""risk_adjusted"": 0.12672721755844046, ""short_momentum"": 0.123554717681236, ""trend"": 0.1274543809615425, ""volume_momentum"": 0.12378990516949888}",0.020161799673310325,0.5184921897956951,-0.019089170267156723,0.029800138250933424,2368.TW,2014-01-14,2014-01-15
0.03900268435729829,199000,0,-1.979555234312135e-05,-1.979555234312135e-05,0.049774035079825314,D-1 estimated accounting; fill-day constraints require ledger audit,adaptive,V4_CAUSAL_7_EXPERTS_RIDGE_ANCHOR20,disabled,2014-01-14,risk_on,0.014138792345733793,0.0,0.04260985352862878,0.4883720930232558,0.07852608197857004,0.6976744186046512,0.7674418604651163,2014-01-06,2014-01-07,"{""long_momentum"": 0.1274128855138695, ""mean_reversion"": 0.11719918742091638, ""medium_momentum"": 0.12641367239222479, ""ridge"": 0.12744803330227145, ""risk_adjusted"": 0.12672721755844046, ""short_momentum"": 0.123554717681236, ""trend"": 0.1274543809615425, ""volume_momentum"": 0.12378990516949888}",0.020443582975971628,0.25248340951408066,-0.022994076478806125,0.02884332288839229,2395.TW,2014-01-14,2014-01-15
0.040417349055873665,4335000,0,0.001034635223307019,0.001034635223307019,0.05783215666432392,D-1 estimated accounting; fill-day constraints require ledger audit,adaptive,V4_CAUSAL_7_EXPERTS_RIDGE_ANCHOR20,disabled,2014-01-14,risk_on,0.014138792345733793,0.0,0.04260985352862878,0.4883720930232558,0.07852608197857004,0.6976744186046512,0.7674418604651163,2014-01-06,2014-01-07,"{""long_momentum"": 0.1274128855138695, ""mean_reversion"": 0.11719918742091638, ""medium_momentum"": 0.12641367239222479, ""ridge"": 0.12744803330227145, ""risk_adjusted"": 0.12672721755844046, ""short_momentum"": 0.123554717681236, ""trend"": 0.1274543809615425, ""volume_momentum"": 0.12378990516949888}",0.020102821688927894,0.25048498327079116,-0.020062055534535946,0.02802016349542239,2409.TW,2014-01-14,2014-01-15
0.04157077707925735,2018000,0,0.0023650481322101532,0.0023650481322101532,0.2021604763644151,D-1 estimated accounting; fill-day constraints require ledger audit,adaptive,V4_CAUSAL_7_EXPERTS_RIDGE_ANCHOR20,disabled,2014-01-14,risk_on,0.014138792345733793,0.0,0.04260985352862878,0.4883720930232558,0.07852608197857004,0.6976744186046512,0.7674418604651163,2014-01-06,2014-01-07,"{""long_momentum"": 0.1274128855138695, ""mean_reversion"": 0.11719918742091638, ""medium_momentum"": 0.12641367239222479, ""ridge"": 0.12744803330227145, ""risk_adjusted"": 0.12672721755844046, ""short_momentum"": 0.123554717681236, ""trend"": 0.1274543809615425, ""volume_momentum"": 0.12378990516949888}",0.02052711417761687,0.765601625158167,-0.020965983824919005,0.03158491760361172,2449.TW,2014-01-14,2014-01-15
0.03988411064921739,2958000,0,0.00016695296141434416,0.00016695296141434416,0.0004948005677057042,D-1 estimated accounting; fill-day constraints require ledger audit,adaptive,V4_CAUSAL_7_EXPERTS_RIDGE_ANCHOR20,disabled,2014-01-14,risk_on,0.014138792345733793,0.0,0.04260985352862878,0.4883720930232558,0.07852608197857004,0.6976744186046512,0.7674418604651163,2014-01-06,2014-01-07,"{""long_momentum"": 0.1274128855138695, ""mean_reversion"": 0.11719918742091638, ""medium_momentum"": 0.12641367239222479, ""ridge"": 0.12744803330227145, ""risk_adjusted"": 0.12672721755844046, ""short_momentum"": 0.123554717681236, ""trend"": 0.1274543809615425, ""volume_momentum"": 0.12378990516949888}",0.020027209115327318,0.0024126570904622613,-0.02030491295506557,0.02652765639216667,2609.TW,2014-01-14,2014-01-15
0.039560363023413314,2318000,0,0.0003720264366995213,0.0003720264366995213,0.053252403461540115,D-1 estimated accounting; fill-day constraints require ledger audit,adaptive,V4_CAUSAL_7_EXPERTS_RIDGE_ANCHOR20,disabled,2014-01-14,risk_on,0.014138792345733793,0.0,0.04260985352862878,0.4883720930232558,0.07852608197857004,0.6976744186046512,0.7674418604651163,2014-01-06,2014-01-07,"{""long_momentum"": 0.1274128855138695, ""mean_reversion"": 0.11719918742091638, ""medium_momentum"": 0.12641367239222479, ""ridge"": 0.12744803330227145, ""risk_adjusted"": 0.12672721755844046, ""short_momentum"": 0.123554717681236, ""trend"": 0.1274543809615425, ""volume_momentum"": 0.12378990516949888}",0.020098139463272532,0.25248340951408066,-0.02069010491247981,0.027322995300151264,2885.TW,2014-01-14,2014-01-15
0.042284335153094724,2033000,0,0.0028300074981585295,0.0028300074981585295,0.13772439047985402,D-1 estimated accounting; fill-day constraints require ledger audit,adaptive,V4_CAUSAL_7_EXPERTS_RIDGE_ANCHOR20,disabled,2014-01-14,risk_on,0.014138792345733793,0.0,0.04260985352862878,0.4883720930232558,0.07852608197857004,0.6976744186046512,0.7674418604651163,2014-01-06,2014-01-07,"{""long_momentum"": 0.1274128855138695, ""mean_reversion"": 0.11719918742091638, ""medium_momentum"": 0.12641367239222479, ""ridge"": 0.12744803330227145, ""risk_adjusted"": 0.12672721755844046, ""short_momentum"": 0.123554717681236, ""trend"": 0.1274543809615425, ""volume_momentum"": 0.12378990516949888}",0.020482338921049958,0.49799449803298507,-0.020312921090834987,0.031861773601424455,3017.TW,2014-01-14,2014-01-15
0.041882486148600975,1487000,0,0.0017608268382942548,0.0017608268382942548,0.13060919046996486,D-1 estimated accounting; fill-day constraints require ledger audit,adaptive,V4_CAUSAL_7_EXPERTS_RIDGE_ANCHOR20,disabled,2014-01-14,risk_on,0.014138792345733793,0.0,0.04260985352862878,0.4883720930232558,0.07852608197857004,0.6976744186046512,0.7674418604651163,2014-01-06,2014-01-07,"{""long_momentum"": 0.1274128855138695, ""mean_reversion"": 0.11719918742091638, ""medium_momentum"": 0.12641367239222479, ""ridge"": 0.12744803330227145, ""risk_adjusted"": 0.12672721755844046, ""short_momentum"": 0.123554717681236, ""trend"": 0.1274543809615425, ""volume_momentum"": 0.12378990516949888}",0.02007829450992979,0.5184921897956951,-0.019149739277649153,0.02856023046851007,3105.TWO,2014-01-14,2014-01-15
0.037982640554730294,410000,0,-0.0003971209379091436,-0.0003971209379091436,0.10855573936001296,D-1 estimated accounting; fill-day constraints require ledger audit,adaptive,V4_CAUSAL_7_EXPERTS_RIDGE_ANCHOR20,disabled,2014-01-14,risk_on,0.014138792345733793,0.0,0.04260985352862878,0.4883720930232558,0.07852608197857004,0.6976744186046512,0.7674418604651163,2014-01-06,2014-01-07,"{""long_momentum"": 0.1274128855138695, ""mean_reversion"": 0.11719918742091638, ""medium_momentum"": 0.12641367239222479, ""ridge"": 0.12744803330227145, ""risk_adjusted"": 0.12672721755844046, ""short_momentum"": 0.123554717681236, ""trend"": 0.1274543809615425, ""volume_momentum"": 0.12378990516949888}",0.019997382136344815,0.5107758541304281,-0.020565025173040003,0.025659620811494126,3163.TWO,2014-01-14,2014-01-15
0.04318110811719583,711000,0,0.0027859081093103435,0.0027859081093103435,0.21132094490859923,D-1 estimated accounting; fill-day constraints require ledger audit,adaptive,V4_CAUSAL_7_EXPERTS_RIDGE_ANCHOR20,disabled,2014-01-14,risk_on,0.014138792345733793,0.0,0.04260985352862878,0.4883720930232558,0.07852608197857004,0.6976744186046512,0.7674418604651163,2014-01-06,2014-01-07,"{""long_momentum"": 0.1274128855138695, ""mean_reversion"": 0.11719918742091638, ""medium_momentum"": 0.12641367239222479, ""ridge"": 0.12744803330227145, ""risk_adjusted"": 0.12672721755844046, ""short_momentum"": 0.123554717681236, ""trend"": 0.1274543809615425, ""volume_momentum"": 0.12378990516949888}",0.02042191532436949,0.765601625158167,-0.02009148925910706,0.031552142992000154,3293.TWO,2014-01-14,2014-01-15
0.04452897872585616,511000,0,0.006828088921635441,0.006828088921635441,0.28126867675063816,D-1 estimated accounting; fill-day constraints require ledger audit,adaptive,V4_CAUSAL_7_EXPERTS_RIDGE_ANCHOR20,disabled,2014-01-14,risk_on,0.014138792345733793,0.0,0.04260985352862878,0.4883720930232558,0.07852608197857004,0.6976744186046512,0.7674418604651163,2014-01-06,2014-01-07,"{""long_momentum"": 0.1274128855138695, ""mean_reversion"": 0.11719918742091638, ""medium_momentum"": 0.12641367239222479, ""ridge"": 0.12744803330227145, ""risk_adjusted"": 0.12672721755844046, ""short_momentum"": 0.123554717681236, ""trend"": 0.1274543809615425, ""volume_momentum"": 0.12378990516949888}",0.02036747656235107,0.765601625158167,-0.015796686608604886,0.03534170196614818,3653.TW,2014-01-14,2014-01-15
0.041475413803494225,763000,0,0.0022393534635818777,0.0022393534635818777,0.13105703973157154,D-1 estimated accounting; fill-day constraints require ledger audit,adaptive,V4_CAUSAL_7_EXPERTS_RIDGE_ANCHOR20,disabled,2014-01-14,risk_on,0.014138792345733793,0.0,0.04260985352862878,0.4883720930232558,0.07852608197857004,0.6976744186046512,0.7674418604651163,2014-01-06,2014-01-07,"{""long_momentum"": 0.1274128855138695, ""mean_reversion"": 0.11719918742091638, ""medium_momentum"": 0.12641367239222479, ""ridge"": 0.12744803330227145, ""risk_adjusted"": 0.12672721755844046, ""short_momentum"": 0.123554717681236, ""trend"": 0.1274543809615425, ""volume_momentum"": 0.12378990516949888}",0.020268960485549155,0.49799449803298507,-0.01988745186005082,0.030254996301486984,3680.TWO,2014-01-14,2014-01-15
0.04038885946378731,176000,0,0.0033457753480659806,0.0033457753480659806,0.1415723954516726,D-1 estimated accounting; fill-day constraints require ledger audit,adaptive,V4_CAUSAL_7_EXPERTS_RIDGE_ANCHOR20,disabled,2014-01-14,risk_on,0.014138792345733793,0.0,0.04260985352862878,0.4883720930232558,0.07852608197857004,0.6976744186046512,0.7674418604651163,2014-01-06,2014-01-07,"{""long_momentum"": 0.1274128855138695, ""mean_reversion"": 0.11719918742091638, ""medium_momentum"": 0.12641367239222479, ""ridge"": 0.12744803330227145, ""risk_adjusted"": 0.12672721755844046, ""short_momentum"": 0.123554717681236, ""trend"": 0.1274543809615425, ""volume_momentum"": 0.12378990516949888}",0.021011290991713016,0.49799449803298507,-0.021708233559543898,0.03428862176994827,4966.TWO,2014-01-14,2014-01-15
0.03871918132726489,935000,0,0.0014310308745101856,0.0014310308745101856,0.12214133884316497,D-1 estimated accounting; fill-day constraints require ledger audit,adaptive,V4_CAUSAL_7_EXPERTS_RIDGE_ANCHOR20,disabled,2014-01-14,risk_on,0.014138792345733793,0.0,0.04260985352862878,0.4883720930232558,0.07852608197857004,0.6976744186046512,0.7674418604651163,2014-01-06,2014-01-07,"{""long_momentum"": 0.1274128855138695, ""mean_reversion"": 0.11719918742091638, ""medium_momentum"": 0.12641367239222479, ""ridge"": 0.12744803330227145, ""risk_adjusted"": 0.12672721755844046, ""short_momentum"": 0.123554717681236, ""trend"": 0.1274543809615425, ""volume_momentum"": 0.12378990516949888}",0.020174777551158058,0.5053107542985302,-0.020151379114092965,0.028902278377385748,4979.TWO,2014-01-14,2014-01-15
0.04572935214482548,813000,0,0.007401139080443565,0.007401139080443565,0.1801060146193468,D-1 estimated accounting; fill-day constraints require ledger audit,adaptive,V4_CAUSAL_7_EXPERTS_RIDGE_ANCHOR20,disabled,2014-01-14,risk_on,0.014138792345733793,0.0,0.04260985352862878,0.4883720930232558,0.07852608197857004,0.6976744186046512,0.7674418604651163,2014-01-06,2014-01-07,"{""long_momentum"": 0.1274128855138695, ""mean_reversion"": 0.11719918742091638, ""medium_momentum"": 0.12641367239222479, ""ridge"": 0.12744803330227145, ""risk_adjusted"": 0.12672721755844046, ""short_momentum"": 0.123554717681236, ""trend"": 0.1274543809615425, ""volume_momentum"": 0.12378990516949888}",0.02188810464334344,0.49799449803298507,-0.020036640394517795,0.04072775606967734,5483.TWO,2014-01-14,2014-01-15
0.050034379731962016,1802000,0,0.009352330414547314,0.009352330414547314,0.2926883118816133,D-1 estimated accounting; fill-day constraints require ledger audit,adaptive,V4_CAUSAL_7_EXPERTS_RIDGE_ANCHOR20,disabled,2014-01-14,risk_on,0.014138792345733793,0.0,0.04260985352862878,0.4883720930232558,0.07852608197857004,0.6976744186046512,0.7674418604651163,2014-01-06,2014-01-07,"{""long_momentum"": 0.1274128855138695, ""mean_reversion"": 0.11719918742091638, ""medium_momentum"": 0.12641367239222479, ""ridge"": 0.12744803330227145, ""risk_adjusted"": 0.12672721755844046, ""short_momentum"": 0.123554717681236, ""trend"": 0.1274543809615425, ""volume_momentum"": 0.12378990516949888}",0.023189884440376268,0.765601625158167,-0.020884791639124572,0.04547828998249161,6274.TWO,2014-01-14,2014-01-15
0.04173822245547992,1525000,0,0.0029518427024883237,0.0029518427024883237,0.21297783886324578,D-1 estimated accounting; fill-day constraints require ledger audit,adaptive,V4_CAUSAL_7_EXPERTS_RIDGE_ANCHOR20,disabled,2014-01-14,risk_on,0.014138792345733793,0.0,0.04260985352862878,0.4883720930232558,0.07852608197857004,0.6976744186046512,0.7674418604651163,2014-01-06,2014-01-07,"{""long_momentum"": 0.1274128855138695, ""mean_reversion"": 0.11719918742091638, ""medium_momentum"": 0.12641367239222479, ""ridge"": 0.12744803330227145, ""risk_adjusted"": 0.12672721755844046, ""short_momentum"": 0.123554717681236, ""trend"": 0.1274543809615425, ""volume_momentum"": 0.12378990516949888}",0.020158440386774494,0.7528905646375279,-0.018526778637985845,0.030319301557234904,6290.TWO,2014-01-14,2014-01-15
0.04139313375231415,1106000,0,0.0025148533308360413,0.0025148533308360413,0.20457871376956824,D-1 estimated accounting; fill-day constraints require ledger audit,adaptive,V4_CAUSAL_7_EXPERTS_RIDGE_ANCHOR20,disabled,2014-01-14,risk_on,0.014138792345733793,0.0,0.04260985352862878,0.4883720930232558,0.07852608197857004,0.6976744186046512,0.7674418604651163,2014-01-06,2014-01-07,"{""long_momentum"": 0.1274128855138695, ""mean_reversion"": 0.11719918742091638, ""medium_momentum"": 0.12641367239222479, ""ridge"": 0.12744803330227145, ""risk_adjusted"": 0.12672721755844046, ""short_momentum"": 0.123554717681236, ""trend"": 0.1274543809615425, ""volume_momentum"": 0.12378990516949888}",0.020141309244289994,0.7528905646375279,-0.018851188866868422,0.029769733042812913,8046.TW,2014-01-14,2014-01-15
0.040400593099958894,2267000,0,0.0009117146955934275,0.0009117146955934275,0.06007517025365582,D-1 estimated accounting; fill-day constraints require ledger audit,adaptive,V4_CAUSAL_7_EXPERTS_RIDGE_ANCHOR20,disabled,2014-01-15,risk_on,0.014272315907630161,-0.001669425853039419,0.04845812118625026,0.4806201550387597,0.07689032728435721,0.7441860465116279,0.7984496124031008,2014-01-06,2014-01-07,"{""long_momentum"": 0.1274128855138695, ""mean_reversion"": 0.11719918742091638, ""medium_momentum"": 0.12641367239222479, ""ridge"": 0.12744803330227145, ""risk_adjusted"": 0.12672721755844046, ""short_momentum"": 0.123554717681236, ""trend"": 0.1274543809615425, ""volume_momentum"": 0.12378990516949888}",0.019981251498951205,0.2631257482146265,-0.019068498143751278,0.026780765049210543,1519.TW,2014-01-15,2014-01-16
0.04058992602768631,1244000,0,0.001119687607879966,0.001119687607879966,0.061577590222134035,D-1 estimated accounting; fill-day constraints require ledger audit,adaptive,V4_CAUSAL_7_EXPERTS_RIDGE_ANCHOR20,disabled,2014-01-15,risk_on,0.014272315907630161,-0.001669425853039419,0.04845812118625026,0.4806201550387597,0.07689032728435721,0.7441860465116279,0.7984496124031008,2014-01-06,2014-01-07,"{""long_momentum"": 0.1274128855138695, ""mean_reversion"": 0.11719918742091638, ""medium_momentum"": 0.12641367239222479, ""ridge"": 0.12744803330227145, ""risk_adjusted"": 0.12672721755844046, ""short_momentum"": 0.123554717681236, ""trend"": 0.1274543809615425, ""volume_momentum"": 0.12378990516949888}",0.020030205151067126,0.2631257482146265,-0.019380352816594643,0.027508565546626985,1802.TW,2014-01-15,2014-01-16
0.04047223325494136,1528000,0,0.0002933270220281433,0.0002933270220281433,0.0541782216930084,D-1 estimated accounting; fill-day constraints require ledger audit,adaptive,V4_CAUSAL_7_EXPERTS_RIDGE_ANCHOR20,disabled,2014-01-15,risk_on,0.014272315907630161,-0.001669425853039419,0.04845812118625026,0.4806201550387597,0.07689032728435721,0.7441860465116279,0.7984496124031008,2014-01-06,2014-01-07,"{""long_momentum"": 0.1274128855138695, ""mean_reversion"": 0.11719918742091638, ""medium_momentum"": 0.12641367239222479, ""ridge"": 0.12744803330227145, ""risk_adjusted"": 0.12672721755844046, ""short_momentum"": 0.123554717681236, ""trend"": 0.1274543809615425, ""volume_momentum"": 0.12378990516949888}",0.020414615942729513,0.2631257482146265,-0.022550984925698243,0.02902647648402694,2002.TW,2014-01-15,2014-01-16
0.04468534251443377,871000,0,0.005368989040833415,0.005368989040833415,0.22837840782133376,D-1 estimated accounting; fill-day constraints require ledger audit,adaptive,V4_CAUSAL_7_EXPERTS_RIDGE_ANCHOR20,disabled,2014-01-15,risk_on,0.014272315907630161,-0.001669425853039419,0.04845812118625026,0.4806201550387597,0.07689032728435721,0.7441860465116279,0.7984496124031008,2014-01-06,2014-01-07,"{""long_momentum"": 0.1274128855138695, ""mean_reversion"": 0.11719918742091638, ""medium_momentum"": 0.12641367239222479, ""ridge"": 0.12744803330227145, ""risk_adjusted"": 0.12672721755844046, ""short_momentum"": 0.123554717681236, ""trend"": 0.1274543809615425, ""volume_momentum"": 0.12378990516949888}",0.024391367407223565,0.765601625158167,-0.027069968638036967,0.0436967842339762,2347.TW,2014-01-15,2014-01-16
0.042167375425747985,5733000,0,0.0027668504947160593,0.0027668504947160593,0.20943089673206794,D-1 estimated accounting; fill-day constraints require ledger audit,adaptive,V4_CAUSAL_7_EXPERTS_RIDGE_ANCHOR20,disabled,2014-01-15,risk_on,0.014272315907630161,-0.001669425853039419,0.04845812118625026,0.4806201550387597,0.07689032728435721,0.7441860465116279,0.7984496124031008,2014-01-06,2014-01-07,"{""long_momentum"": 0.1274128855138695, ""mean_reversion"": 0.11719918742091638, ""medium_momentum"": 0.12641367239222479, ""ridge"": 0.12744803330227145, ""risk_adjusted"": 0.12672721755844046, ""short_momentum"": 0.123554717681236, ""trend"": 0.1274543809615425, ""volume_momentum"": 0.12378990516949888}",0.020154476041468597,0.7528905646375279,-0.018686074276461795,0.030108612780166327,2368.TW,2014-01-15,2014-01-16
0.038310036867517064,199000,0,-0.0003650422146743502,-0.0003650422146743502,0.0004974393252394585,D-1 estimated accounting; fill-day constraints require ledger audit,adaptive,V4_CAUSAL_7_EXPERTS_RIDGE_ANCHOR20,disabled,2014-01-15,risk_on,0.014272315907630161,-0.001669425853039419,0.04845812118625026,0.4806201550387597,0.07689032728435721,0.7441860465116279,0.7984496124031008,2014-01-06,2014-01-07,"{""long_momentum"": 0.1274128855138695, ""mean_reversion"": 0.11719918742091638, ""medium_momentum"": 0.12641367239222479, ""ridge"": 0.12744803330227145, ""risk_adjusted"": 0.12672721755844046, ""short_momentum"": 0.123554717681236, ""trend"": 0.1274543809615425, ""volume_momentum"": 0.12378990516949888}",0.02079315919713966,0.0024253524090043777,-0.024699692286166024,0.029858445371089733,2395.TW,2014-01-15,2014-01-16
0.04021117108602838,4335000,0,0.000908450989683728,0.000908450989683728,0.05671849959921133,D-1 estimated accounting; fill-day constraints require ledger audit,adaptive,V4_CAUSAL_7_EXPERTS_RIDGE_ANCHOR20,disabled,2014-01-15,risk_on,0.014272315907630161,-0.001669425853039419,0.04845812118625026,0.4806201550387597,0.07689032728435721,0.7441860465116279,0.7984496124031008,2014-01-06,2014-01-07,"{""long_momentum"": 0.1274128855138695, ""mean_reversion"": 0.11719918742091638, ""medium_momentum"": 0.12641367239222479, ""ridge"": 0.12744803330227145, ""risk_adjusted"": 0.12672721755844046, ""short_momentum"": 0.123554717681236, ""trend"": 0.1274543809615425, ""volume_momentum"": 0.12378990516949888}",0.02018494460020591,0.25048498327079116,-0.020736937563331236,0.028442677056971104,2409.TW,2014-01-15,2014-01-16
0.0423577179971104,2018000,0,0.002835018627172881,0.002835018627172881,0.20868475085431457,D-1 estimated accounting; fill-day constraints require ledger audit,adaptive,V4_CAUSAL_7_EXPERTS_RIDGE_ANCHOR20,disabled,2014-01-15,risk_on,0.014272315907630161,-0.001669425853039419,0.04845812118625026,0.4806201550387597,0.07689032728435721,0.7441860465116279,0.7984496124031008,2014-01-06,2014-01-07,"{""long_momentum"": 0.1274128855138695, ""mean_reversion"": 0.11719918742091638, ""medium_momentum"": 0.12641367239222479, ""ridge"": 0.12744803330227145, ""risk_adjusted"": 0.12672721755844046, ""short_momentum"": 0.123554717681236, ""trend"": 0.1274543809615425, ""volume_momentum"": 0.12378990516949888}",0.020909309693662108,0.765601625158167,-0.02189186208564839,0.03345073685426656,2449.TW,2014-01-15,2014-01-16
0.03953422977493772,2958000,0,0.0005272125238020264,0.0005272125238020264,0.0005183660331832644,D-1 estimated accounting; fill-day constraints require ledger audit,adaptive,V4_CAUSAL_7_EXPERTS_RIDGE_ANCHOR20,disabled,2014-01-15,risk_on,0.014272315907630161,-0.001669425853039419,0.04845812118625026,0.4806201550387597,0.07689032728435721,0.7441860465116279,0.7984496124031008,2014-01-06,2014-01-07,"{""long_momentum"": 0.1274128855138695, ""mean_reversion"": 0.11719918742091638, ""medium_momentum"": 0.12641367239222479, ""ridge"": 0.12744803330227145, ""risk_adjusted"": 0.12672721755844046, ""short_momentum"": 0.123554717681236, ""trend"": 0.1274543809615425, ""volume_momentum"": 0.12378990516949888}",0.020198370620894846,0.0024126570904622613,-0.021199586406851656,0.028142848968728117,2609.TW,2014-01-15,2014-01-16
0.03993229662573151,2318000,0,0.0008557777425991815,0.0008557777425991815,0.11712125769153917,D-1 estimated accounting; fill-day constraints require ledger audit,adaptive,V4_CAUSAL_7_EXPERTS_RIDGE_ANCHOR20,disabled,2014-01-15,risk_on,0.014272315907630161,-0.001669425853039419,0.04845812118625026,0.4806201550387597,0.07689032728435721,0.7441860465116279,0.7984496124031008,2014-01-06,2014-01-07,"{""long_momentum"": 0.1274128855138695, ""mean_reversion"": 0.11719918742091638, ""medium_momentum"": 0.12641367239222479, ""ridge"": 0.12744803330227145, ""risk_adjusted"": 0.12672721755844046, ""short_momentum"": 0.123554717681236, ""trend"": 0.1274543809615425, ""volume_momentum"": 0.12378990516949888}",0.020044051828801167,0.5180218148191693,-0.019769988177134018,0.027370381176604792,2885.TW,2014-01-15,2014-01-16
0.04307505990130102,2033000,0,0.0024566045080987387,0.0024566045080987387,0.13788371203213864,D-1 estimated accounting; fill-day constraints require ledger audit,adaptive,V4_CAUSAL_7_EXPERTS_RIDGE_ANCHOR20,disabled,2014-01-15,risk_on,0.014272315907630161,-0.001669425853039419,0.04845812118625026,0.4806201550387597,0.07689032728435721,0.7441860465116279,0.7984496124031008,2014-01-06,2014-01-07,"{""long_momentum"": 0.1274128855138695, ""mean_reversion"": 0.11719918742091638, ""medium_momentum"": 0.12641367239222479, ""ridge"": 0.12744803330227145, ""risk_adjusted"": 0.12672721755844046, ""short_momentum"": 0.123554717681236, ""trend"": 0.1274543809615425, ""volume_momentum"": 0.12378990516949888}",0.02016180896581775,0.5107055585536242,-0.0190436905821209,0.029845737112590785,3017.TW,2014-01-15,2014-01-16
0.04130073494365055,1487000,0,0.0017259902584536948,0.0017259902584536948,0.18846017165750165,D-1 estimated accounting; fill-day constraints require ledger audit,adaptive,V4_CAUSAL_7_EXPERTS_RIDGE_ANCHOR20,disabled,2014-01-15,risk_on,0.014272315907630161,-0.001669425853039419,0.04845812118625026,0.4806201550387597,0.07689032728435721,0.7441860465116279,0.7984496124031008,2014-01-06,2014-01-07,"{""long_momentum"": 0.1274128855138695, ""mean_reversion"": 0.11719918742091638, ""medium_momentum"": 0.12641367239222479, ""ridge"": 0.12744803330227145, ""risk_adjusted"": 0.12672721755844046, ""short_momentum"": 0.123554717681236, ""trend"": 0.1274543809615425, ""volume_momentum"": 0.12378990516949888}",0.020144061694150187,0.7528905646375279,-0.019658415636887534,0.028999233668067337,3105.TWO,2014-01-15,2014-01-16
0.038195214650204916,410000,0,-0.000849576668353243,-0.000849576668353243,0.11519037317687941,D-1 estimated accounting; fill-day constraints require ledger audit,adaptive,V4_CAUSAL_7_EXPERTS_RIDGE_ANCHOR20,disabled,2014-01-15,risk_on,0.014272315907630161,-0.001669425853039419,0.04845812118625026,0.4806201550387597,0.07689032728435721,0.7441860465116279,0.7984496124031008,2014-01-06,2014-01-07,"{""long_momentum"": 0.1274128855138695, ""mean_reversion"": 0.11719918742091638, ""medium_momentum"": 0.12641367239222479, ""ridge"": 0.12744803330227145, ""risk_adjusted"": 0.12672721755844046, ""short_momentum"": 0.123554717681236, ""trend"": 0.1274543809615425, ""volume_momentum"": 0.12378990516949888}",0.02008855024865597,0.5107758541304281,-0.021839541234519227,0.026029225412085154,3163.TWO,2014-01-15,2014-01-16
0.04183399010762888,711000,0,0.0019154568796340026,0.0019154568796340026,0.1923833463499378,D-1 estimated accounting; fill-day constraints require ledger audit,adaptive,V4_CAUSAL_7_EXPERTS_RIDGE_ANCHOR20,disabled,2014-01-15,risk_on,0.014272315907630161,-0.001669425853039419,0.04845812118625026,0.4806201550387597,0.07689032728435721,0.7441860465116279,0.7984496124031008,2014-01-06,2014-01-07,"{""long_momentum"": 0.1274128855138695, ""mean_reversion"": 0.11719918742091638, ""medium_momentum"": 0.12641367239222479, ""ridge"": 0.12744803330227145, ""risk_adjusted"": 0.12672721755844046, ""short_momentum"": 0.123554717681236, ""trend"": 0.1274543809615425, ""volume_momentum"": 0.12378990516949888}",0.020148123901228134,0.7528905646375279,-0.01949585398164711,0.02921560525518753,3293.TWO,2014-01-15,2014-01-16
0.04389678114010859,511000,0,0.005109232004620421,0.005109232004620421,0.16927852656917733,D-1 estimated accounting; fill-day constraints require ledger audit,adaptive,V4_CAUSAL_7_EXPERTS_RIDGE_ANCHOR20,disabled,2014-01-15,risk_on,0.014272315907630161,-0.001669425853039419,0.04845812118625026,0.4806201550387597,0.07689032728435721,0.7441860465116279,0.7984496124031008,2014-01-06,2014-01-07,"{""long_momentum"": 0.1274128855138695, ""mean_reversion"": 0.11719918742091638, ""medium_momentum"": 0.12641367239222479, ""ridge"": 0.12744803330227145, ""risk_adjusted"": 0.12672721755844046, ""short_momentum"": 0.123554717681236, ""trend"": 0.1274543809615425, ""volume_momentum"": 0.12378990516949888}",0.020389857762432823,0.5107055585536242,-0.017621087371574008,0.03372838889508726,3653.TW,2014-01-15,2014-01-16
0.04141498799910964,763000,0,0.002247324211478842,0.002247324211478842,0.12891125920187638,D-1 estimated accounting; fill-day constraints require ledger audit,adaptive,V4_CAUSAL_7_EXPERTS_RIDGE_ANCHOR20,disabled,2014-01-15,risk_on,0.014272315907630161,-0.001669425853039419,0.04845812118625026,0.4806201550387597,0.07689032728435721,0.7441860465116279,0.7984496124031008,2014-01-06,2014-01-07,"{""long_momentum"": 0.1274128855138695, ""mean_reversion"": 0.11719918742091638, ""medium_momentum"": 0.12641367239222479, ""ridge"": 0.12744803330227145, ""risk_adjusted"": 0.12672721755844046, ""short_momentum"": 0.123554717681236, ""trend"": 0.1274543809615425, ""volume_momentum"": 0.12378990516949888}",0.020749668488171804,0.49799449803298507,-0.02193426501876876,0.032317750955998856,3680.TWO,2014-01-15,2014-01-16
0.04053224271118747,176000,0,0.002424943241539255,0.002424943241539255,0.00429503814492191,D-1 estimated accounting; fill-day constraints require ledger audit,adaptive,V4_CAUSAL_7_EXPERTS_RIDGE_ANCHOR20,disabled,2014-01-15,risk_on,0.014272315907630161,-0.001669425853039419,0.04845812118625026,0.4806201550387597,0.07689032728435721,0.7441860465116279,0.7984496124031008,2014-01-06,2014-01-07,"{""long_momentum"": 0.1274128855138695, ""mean_reversion"": 0.11719918742091638, ""medium_momentum"": 0.12641367239222479, ""ridge"": 0.12744803330227145, ""risk_adjusted"": 0.12672721755844046, ""short_momentum"": 0.123554717681236, ""trend"": 0.1274543809615425, ""volume_momentum"": 0.12378990516949888}",0.02026286996370178,0.01601631285215449,-0.01966898455972065,0.03040770855707157,4966.TWO,2014-01-15,2014-01-16
0.038892066727685526,935000,0,0.0017290531183727959,0.0017290531183727959,0.06238273941394293,D-1 estimated accounting; fill-day constraints require ledger audit,adaptive,V4_CAUSAL_7_EXPERTS_RIDGE_ANCHOR20,disabled,2014-01-15,risk_on,0.014272315907630161,-0.001669425853039419,0.04845812118625026,0.4806201550387597,0.07689032728435721,0.7441860465116279,0.7984496124031008,2014-01-06,2014-01-07,"{""long_momentum"": 0.1274128855138695, ""mean_reversion"": 0.11719918742091638, ""medium_momentum"": 0.12641367239222479, ""ridge"": 0.12744803330227145, ""risk_adjusted"": 0.12672721755844046, ""short_momentum"": 0.123554717681236, ""trend"": 0.1274543809615425, ""volume_momentum"": 0.12378990516949888}",0.020282484863829938,0.2504146876939873,-0.02046978757467523,0.029816731325693232,4979.TWO,2014-01-15,2014-01-16
0.0456571245131079,813000,0,0.005954653313012662,0.005954653313012662,0.16380324007952243,D-1 estimated accounting; fill-day constraints require ledger audit,adaptive,V4_CAUSAL_7_EXPERTS_RIDGE_ANCHOR20,disabled,2014-01-15,risk_on,0.014272315907630161,-0.001669425853039419,0.04845812118625026,0.4806201550387597,0.07689032728435721,0.7441860465116279,0.7984496124031008,2014-01-06,2014-01-07,"{""long_momentum"": 0.1274128855138695, ""mean_reversion"": 0.11719918742091638, ""medium_momentum"": 0.12641367239222479, ""ridge"": 0.12744803330227145, ""risk_adjusted"": 0.12672721755844046, ""short_momentum"": 0.123554717681236, ""trend"": 0.1274543809615425, ""volume_momentum"": 0.12378990516949888}",0.02234967616844739,0.49799449803298507,-0.022545206620198363,0.0403433507604961,5483.TWO,2014-01-15,2014-01-16
0.049957562997793095,1802000,0,0.009151053571380605,0.009151053571380605,0.2941418717767655,D-1 estimated accounting; fill-day constraints require ledger audit,adaptive,V4_CAUSAL_7_EXPERTS_RIDGE_ANCHOR20,disabled,2014-01-15,risk_on,0.014272315907630161,-0.001669425853039419,0.04845812118625026,0.4806201550387597,0.07689032728435721,0.7441860465116279,0.7984496124031008,2014-01-06,2014-01-07,"{""long_momentum"": 0.1274128855138695, ""mean_reversion"": 0.11719918742091638, ""medium_momentum"": 0.12641367239222479, ""ridge"": 0.12744803330227145, ""risk_adjusted"": 0.12672721755844046, ""short_momentum"": 0.123554717681236, ""trend"": 0.1274543809615425, ""volume_momentum"": 0.12378990516949888}",0.02268174941075187,0.765601625158167,-0.020060903819094568,0.04425184847612819,6274.TWO,2014-01-15,2014-01-16
0.04295981699914096,1525000,0,0.0031843161531251957,0.0031843161531251957,0.22043150921886348,D-1 estimated accounting; fill-day constraints require ledger audit,adaptive,V4_CAUSAL_7_EXPERTS_RIDGE_ANCHOR20,disabled,2014-01-15,risk_on,0.014272315907630161,-0.001669425853039419,0.04845812118625026,0.4806201550387597,0.07689032728435721,0.7441860465116279,0.7984496124031008,2014-01-06,2014-01-07,"{""long_momentum"": 0.1274128855138695, ""mean_reversion"": 0.11719918742091638, ""medium_momentum"": 0.12641367239222479, ""ridge"": 0.12744803330227145, ""risk_adjusted"": 0.12672721755844046, ""short_momentum"": 0.123554717681236, ""trend"": 0.1274543809615425, ""volume_momentum"": 0.12378990516949888}",0.02024141014092986,0.765601625158167,-0.018791470978578605,0.031048940799101407,6290.TWO,2014-01-15,2014-01-16
0.04189390057920489,1106000,0,0.0021733992707567537,0.0021733992707567537,0.2004425526675553,D-1 estimated accounting; fill-day constraints require ledger audit,adaptive,V4_CAUSAL_7_EXPERTS_RIDGE_ANCHOR20,disabled,2014-01-15,risk_on,0.014272315907630161,-0.001669425853039419,0.04845812118625026,0.4806201550387597,0.07689032728435721,0.7441860465116279,0.7984496124031008,2014-01-06,2014-01-07,"{""long_momentum"": 0.1274128855138695, ""mean_reversion"": 0.11719918742091638, ""medium_momentum"": 0.12641367239222479, ""ridge"": 0.12744803330227145, ""risk_adjusted"": 0.12672721755844046, ""short_momentum"": 0.123554717681236, ""trend"": 0.1274543809615425, ""volume_momentum"": 0.12378990516949888}",0.02022580347592,0.765601625158167,-0.019714070350357125,0.029949706406143042,8046.TW,2014-01-15,2014-01-16
0.04028914476116805,2267000,0,0.0008877235443749158,0.0008877235443749158,0.059924967975838135,D-1 estimated accounting; fill-day constraints require ledger audit,adaptive,V4_CAUSAL_7_EXPERTS_RIDGE_ANCHOR20,disabled,2014-01-16,risk_on,0.014109893765857312,0.004587211136914959,0.05597014819149626,0.5658914728682171,0.07560430816831071,0.7131782945736435,0.7984496124031008,2014-01-06,2014-01-07,"{""long_momentum"": 0.1274128855138695, ""mean_reversion"": 0.11719918742091638, ""medium_momentum"": 0.12641367239222479, ""ridge"": 0.12744803330227145, ""risk_adjusted"": 0.12672721755844046, ""short_momentum"": 0.123554717681236, ""trend"": 0.1274543809615425, ""volume_momentum"": 0.12378990516949888}",0.01996480029041741,0.2631257482146265,-0.018875703253978755,0.026539987857001,1519.TW,2014-01-16,2014-01-17
0.04039525698761213,1244000,0,0.0012482962329732562,0.0012482962329732562,0.12035879099200382,D-1 estimated accounting; fill-day constraints require ledger audit,adaptive,V4_CAUSAL_7_EXPERTS_RIDGE_ANCHOR20,disabled,2014-01-16,risk_on,0.014109893765857312,0.004587211136914959,0.05597014819149626,0.5658914728682171,0.07560430816831071,0.7131782945736435,0.7984496124031008,2014-01-06,2014-01-07,"{""long_momentum"": 0.1274128855138695, ""mean_reversion"": 0.11719918742091638, ""medium_momentum"": 0.12641367239222479, ""ridge"": 0.12744803330227145, ""risk_adjusted"": 0.12672721755844046, ""short_momentum"": 0.123554717681236, ""trend"": 0.1274543809615425, ""volume_momentum"": 0.12378990516949888}",0.019984364103188993,0.5053107542985302,-0.018769773058024155,0.027155203038243075,1802.TW,2014-01-16,2014-01-17
0.04058606543221655,1528000,0,0.000694889510530533,0.000694889510530533,0.1124089948350847,D-1 estimated accounting; fill-day constraints require ledger audit,adaptive,V4_CAUSAL_7_EXPERTS_RIDGE_ANCHOR20,disabled,2014-01-16,risk_on,0.014109893765857312,0.004587211136914959,0.05597014819149626,0.5658914728682171,0.07560430816831071,0.7131782945736435,0.7984496124031008,2014-01-06,2014-01-07,"{""long_momentum"": 0.1274128855138695, ""mean_reversion"": 0.11719918742091638, ""medium_momentum"": 0.12641367239222479, ""ridge"": 0.12744803330227145, ""risk_adjusted"": 0.12672721755844046, ""short_momentum"": 0.123554717681236, ""trend"": 0.1274543809615425, ""volume_momentum"": 0.12378990516949888}",0.02017858914341174,0.5107055585536242,-0.020911270203277488,0.02818988673861096,2002.TW,2014-01-16,2014-01-17
0.04507054778790782,871000,0,0.0050964831524050215,0.0050964831524050215,0.229636849191046,D-1 estimated accounting; fill-day constraints require ledger audit,adaptive,V4_CAUSAL_7_EXPERTS_RIDGE_ANCHOR20,disabled,2014-01-16,risk_on,0.014109893765857312,0.004587211136914959,0.05597014819149626,0.5658914728682171,0.07560430816831071,0.7131782945736435,0.7984496124031008,2014-01-06,2014-01-07,"{""long_momentum"": 0.1274128855138695, ""mean_reversion"": 0.11719918742091638, ""medium_momentum"": 0.12641367239222479, ""ridge"": 0.12744803330227145, ""risk_adjusted"": 0.12672721755844046, ""short_momentum"": 0.123554717681236, ""trend"": 0.1274543809615425, ""volume_momentum"": 0.12378990516949888}",0.023564856206211914,0.765601625158167,-0.025856856051078465,0.04193865987016092,2347.TW,2014-01-16,2014-01-17
0.042513625293441645,5733000,0,0.0025235585146146096,0.0025235585146146096,0.2733794959914121,D-1 estimated accounting; fill-day constraints require ledger audit,adaptive,V4_CAUSAL_7_EXPERTS_RIDGE_ANCHOR20,disabled,2014-01-16,risk_on,0.014109893765857312,0.004587211136914959,0.05597014819149626,0.5658914728682171,0.07560430816831071,0.7131782945736435,0.7984496124031008,2014-01-06,2014-01-07,"{""long_momentum"": 0.1274128855138695, ""mean_reversion"": 0.11719918742091638, ""medium_momentum"": 0.12641367239222479, ""ridge"": 0.12744803330227145, ""risk_adjusted"": 0.12672721755844046, ""short_momentum"": 0.123554717681236, ""trend"": 0.1274543809615425, ""volume_momentum"": 0.12378990516949888}",0.019997007676095434,0.9999999999999998,-0.017640207945136203,0.028576162488637834,2368.TW,2014-01-16,2014-01-17
0.03881384731914268,199000,0,-7.963661066064132e-05,-7.963661066064132e-05,0.0004851593350819768,D-1 estimated accounting; fill-day constraints require ledger audit,adaptive,V4_CAUSAL_7_EXPERTS_RIDGE_ANCHOR20,disabled,2014-01-16,risk_on,0.014109893765857312,0.004587211136914959,0.05597014819149626,0.5658914728682171,0.07560430816831071,0.7131782945736435,0.7984496124031008,2014-01-06,2014-01-07,"{""long_momentum"": 0.1274128855138695, ""mean_reversion"": 0.11719918742091638, ""medium_momentum"": 0.12641367239222479, ""ridge"": 0.12744803330227145, ""risk_adjusted"": 0.12672721755844046, ""short_momentum"": 0.123554717681236, ""trend"": 0.1274543809615425, ""volume_momentum"": 0.12378990516949888}",0.02031389495655312,0.0024253524090043777,-0.02244095842836423,0.028170522721315358,2395.TW,2014-01-16,2014-01-17
0.040281233494145044,4335000,0,0.0007249298703928402,0.0007249298703928402,0.11168018600963056,D-1 estimated accounting; fill-day constraints require ledger audit,adaptive,V4_CAUSAL_7_EXPERTS_RIDGE_ANCHOR20,disabled,2014-01-16,risk_on,0.014109893765857312,0.004587211136914959,0.05597014819149626,0.5658914728682171,0.07560430816831071,0.7131782945736435,0.7984496124031008,2014-01-06,2014-01-07,"{""long_momentum"": 0.1274128855138695, ""mean_reversion"": 0.11719918742091638, ""medium_momentum"": 0.12641367239222479, ""ridge"": 0.12744803330227145, ""risk_adjusted"": 0.12672721755844046, ""short_momentum"": 0.123554717681236, ""trend"": 0.1274543809615425, ""volume_momentum"": 0.12378990516949888}",0.020178220316560923,0.5053107542985302,-0.020878939107125394,0.028217636362183485,2409.TW,2014-01-16,2014-01-17
0.042677215803068554,2018000,0,0.0026550239554090542,0.0026550239554090542,0.14143001923295548,D-1 estimated accounting; fill-day constraints require ledger audit,adaptive,V4_CAUSAL_7_EXPERTS_RIDGE_ANCHOR20,disabled,2014-01-16,risk_on,0.014109893765857312,0.004587211136914959,0.05597014819149626,0.5658914728682171,0.07560430816831071,0.7131782945736435,0.7984496124031008,2014-01-06,2014-01-07,"{""long_momentum"": 0.1274128855138695, ""mean_reversion"": 0.11719918742091638, ""medium_momentum"": 0.12641367239222479, ""ridge"": 0.12744803330227145, ""risk_adjusted"": 0.12672721755844046, ""short_momentum"": 0.123554717681236, ""trend"": 0.1274543809615425, ""volume_momentum"": 0.12378990516949888}",0.0203833615540599,0.5180218148191693,-0.02004491328886178,0.031243798713952296,2449.TW,2014-01-16,2014-01-17
0.039058084113497836,2958000,0,0.0001018419737373843,0.0001018419737373843,0.05106651207164684,D-1 estimated accounting; fill-day constraints require ledger audit,adaptive,V4_CAUSAL_7_EXPERTS_RIDGE_ANCHOR20,disabled,2014-01-16,risk_on,0.014109893765857312,0.004587211136914959,0.05597014819149626,0.5658914728682171,0.07560430816831071,0.7131782945736435,0.7984496124031008,2014-01-06,2014-01-07,"{""long_momentum"": 0.1274128855138695, ""mean_reversion"": 0.11719918742091638, ""medium_momentum"": 0.12641367239222479, ""ridge"": 0.12744803330227145, ""risk_adjusted"": 0.12672721755844046, ""short_momentum"": 0.123554717681236, ""trend"": 0.1274543809615425, ""volume_momentum"": 0.12378990516949888}",0.02060606645797791,0.25732141901354727,-0.0235455268072789,0.02963804826902608,2609.TW,2014-01-16,2014-01-17
0.040389822334293314,2318000,0,0.0008488580762479513,0.0008488580762479513,0.059425900456860324,D-1 estimated accounting; fill-day constraints require ledger audit,adaptive,V4_CAUSAL_7_EXPERTS_RIDGE_ANCHOR20,disabled,2014-01-16,risk_on,0.014109893765857312,0.004587211136914959,0.05597014819149626,0.5658914728682171,0.07560430816831071,0.7131782945736435,0.7984496124031008,2014-01-06,2014-01-07,"{""long_momentum"": 0.1274128855138695, ""mean_reversion"": 0.11719918742091638, ""medium_momentum"": 0.12641367239222479, ""ridge"": 0.12744803330227145, ""risk_adjusted"": 0.12672721755844046, ""short_momentum"": 0.123554717681236, ""trend"": 0.1274543809615425, ""volume_momentum"": 0.12378990516949888}",0.02004869073129793,0.2631257482146265,-0.019817517262378827,0.027404070929147137,2885.TW,2014-01-16,2014-01-17
0.04228788120983161,2033000,0,0.001365584677637767,0.001365584677637767,0.06352127677337678,D-1 estimated accounting; fill-day constraints require ledger audit,adaptive,V4_CAUSAL_7_EXPERTS_RIDGE_ANCHOR20,disabled,2014-01-16,risk_on,0.014109893765857312,0.004587211136914959,0.05597014819149626,0.5658914728682171,0.07560430816831071,0.7131782945736435,0.7984496124031008,2014-01-06,2014-01-07,"{""long_momentum"": 0.1274128855138695, ""mean_reversion"": 0.11719918742091638, ""medium_momentum"": 0.12641367239222479, ""ridge"": 0.12744803330227145, ""risk_adjusted"": 0.12672721755844046, ""short_momentum"": 0.123554717681236, ""trend"": 0.1274543809615425, ""volume_momentum"": 0.12378990516949888}",0.020049870554105634,0.2635961231911523,-0.019311007069521862,0.02793101393906981,3017.TW,2014-01-16,2014-01-17
0.04104776280663004,1487000,0,0.0011993913527277682,0.0011993913527277682,0.11804778353331385,D-1 estimated accounting; fill-day constraints require ledger audit,adaptive,V4_CAUSAL_7_EXPERTS_RIDGE_ANCHOR20,disabled,2014-01-16,risk_on,0.014109893765857312,0.004587211136914959,0.05597014819149626,0.5658914728682171,0.07560430816831071,0.7131782945736435,0.7984496124031008,2014-01-06,2014-01-07,"{""long_momentum"": 0.1274128855138695, ""mean_reversion"": 0.11719918742091638, ""medium_momentum"": 0.12641367239222479, ""ridge"": 0.12744803330227145, ""risk_adjusted"": 0.12672721755844046, ""short_momentum"": 0.123554717681236, ""trend"": 0.1274543809615425, ""volume_momentum"": 0.12378990516949888}",0.020337482334143356,0.5053107542985302,-0.021279895309564943,0.02956751552929289,3105.TWO,2014-01-16,2014-01-17
0.03781367258233208,410000,0,-0.0010945741216300843,-0.0010945741216300843,0.11627156621039829,D-1 estimated accounting; fill-day constraints require ledger audit,adaptive,V4_CAUSAL_7_EXPERTS_RIDGE_ANCHOR20,disabled,2014-01-16,risk_on,0.014109893765857312,0.004587211136914959,0.05597014819149626,0.5658914728682171,0.07560430816831071,0.7131782945736435,0.7984496124031008,2014-01-06,2014-01-07,"{""long_momentum"": 0.1274128855138695, ""mean_reversion"": 0.11719918742091638, ""medium_momentum"": 0.12641367239222479, ""ridge"": 0.12744803330227145, ""risk_adjusted"": 0.12672721755844046, ""short_momentum"": 0.123554717681236, ""trend"": 0.1274543809615425, ""volume_momentum"": 0.12378990516949888}",0.020012348670967354,0.49806479360978895,-0.021420813984790343,0.025120503255802583,3163.TWO,2014-01-16,2014-01-17
0.04131602126496972,711000,0,0.0024347641602343473,0.0024347641602343473,0.12937198832919547,D-1 estimated accounting; fill-day constraints require ledger audit,adaptive,V4_CAUSAL_7_EXPERTS_RIDGE_ANCHOR20,disabled,2014-01-16,risk_on,0.014109893765857312,0.004587211136914959,0.05597014819149626,0.5658914728682171,0.07560430816831071,0.7131782945736435,0.7984496124031008,2014-01-06,2014-01-07,"{""long_momentum"": 0.1274128855138695, ""mean_reversion"": 0.11719918742091638, ""medium_momentum"": 0.12641367239222479, ""ridge"": 0.12744803330227145, ""risk_adjusted"": 0.12672721755844046, ""short_momentum"": 0.123554717681236, ""trend"": 0.1274543809615425, ""volume_momentum"": 0.12378990516949888}",0.021604491820589766,0.5053107542985302,-0.024296406093812034,0.035054771928553136,3293.TWO,2014-01-16,2014-01-17
0.04351251457343985,511000,0,0.0046491518081815284,0.0046491518081815284,0.1592894554501922,D-1 estimated accounting; fill-day constraints require ledger audit,adaptive,V4_CAUSAL_7_EXPERTS_RIDGE_ANCHOR20,disabled,2014-01-16,risk_on,0.014109893765857312,0.004587211136914959,0.05597014819149626,0.5658914728682171,0.07560430816831071,0.7131782945736435,0.7984496124031008,2014-01-06,2014-01-07,"{""long_momentum"": 0.1274128855138695, ""mean_reversion"": 0.11719918742091638, ""medium_momentum"": 0.12641367239222479, ""ridge"": 0.12744803330227145, ""risk_adjusted"": 0.12672721755844046, ""short_momentum"": 0.123554717681236, ""trend"": 0.1274543809615425, ""volume_momentum"": 0.12378990516949888}",0.020517468434060198,0.49799449803298507,-0.018641929455177675,0.033829070585813144,3653.TW,2014-01-16,2014-01-17
0.04107674762433039,763000,0,0.0006995711566231351,0.0006995711566231351,0.11125069147862376,D-1 estimated accounting; fill-day constraints require ledger audit,adaptive,V4_CAUSAL_7_EXPERTS_RIDGE_ANCHOR20,disabled,2014-01-16,risk_on,0.014109893765857312,0.004587211136914959,0.05597014819149626,0.5658914728682171,0.07560430816831071,0.7131782945736435,0.7984496124031008,2014-01-06,2014-01-07,"{""long_momentum"": 0.1274128855138695, ""mean_reversion"": 0.11719918742091638, ""medium_momentum"": 0.12641367239222479, ""ridge"": 0.12744803330227145, ""risk_adjusted"": 0.12672721755844046, ""short_momentum"": 0.123554717681236, ""trend"": 0.1274543809615425, ""volume_momentum"": 0.12378990516949888}",0.020188399174642362,0.5053107542985302,-0.02096695074558821,0.02825493057310689,3680.TWO,2014-01-16,2014-01-17
0.04125944131260946,176000,0,0.0018036141327118476,0.0018036141327118476,0.06562171467008593,D-1 estimated accounting; fill-day constraints require ledger audit,adaptive,V4_CAUSAL_7_EXPERTS_RIDGE_ANCHOR20,disabled,2014-01-16,risk_on,0.014109893765857312,0.004587211136914959,0.05597014819149626,0.5658914728682171,0.07560430816831071,0.7131782945736435,0.7984496124031008,2014-01-06,2014-01-07,"{""long_momentum"": 0.1274128855138695, ""mean_reversion"": 0.11719918742091638, ""medium_momentum"": 0.12641367239222479, ""ridge"": 0.12744803330227145, ""risk_adjusted"": 0.12672721755844046, ""short_momentum"": 0.123554717681236, ""trend"": 0.1274543809615425, ""volume_momentum"": 0.12378990516949888}",0.020477082024554043,0.2631257482146265,-0.021316770404890686,0.03081283618458679,4966.TWO,2014-01-16,2014-01-17
0.039465757559714695,935000,0,0.0016949815026671396,0.0016949815026671396,0.06491819930524712,D-1 estimated accounting; fill-day constraints require ledger audit,adaptive,V4_CAUSAL_7_EXPERTS_RIDGE_ANCHOR20,disabled,2014-01-16,risk_on,0.014109893765857312,0.004587211136914959,0.05597014819149626,0.5658914728682171,0.07560430816831071,0.7131782945736435,0.7984496124031008,2014-01-06,2014-01-07,"{""long_momentum"": 0.1274128855138695, ""mean_reversion"": 0.11719918742091638, ""medium_momentum"": 0.12641367239222479, ""ridge"": 0.12744803330227145, ""risk_adjusted"": 0.12672721755844046, ""short_momentum"": 0.123554717681236, ""trend"": 0.1274543809615425, ""volume_momentum"": 0.12378990516949888}",0.020441045621085653,0.2631257482146265,-0.021268054093219788,0.030546854612826475,4979.TWO,2014-01-16,2014-01-17
0.04635079328890174,813000,0,0.005047309353572476,0.005047309353572476,0.1632840706816591,D-1 estimated accounting; fill-day constraints require ledger audit,adaptive,V4_CAUSAL_7_EXPERTS_RIDGE_ANCHOR20,disabled,2014-01-16,risk_on,0.014109893765857312,0.004587211136914959,0.05597014819149626,0.5658914728682171,0.07560430816831071,0.7131782945736435,0.7984496124031008,2014-01-06,2014-01-07,"{""long_momentum"": 0.1274128855138695, ""mean_reversion"": 0.11719918742091638, ""medium_momentum"": 0.12641367239222479, ""ridge"": 0.12744803330227145, ""risk_adjusted"": 0.12672721755844046, ""short_momentum"": 0.123554717681236, ""trend"": 0.1274543809615425, ""volume_momentum"": 0.12378990516949888}",0.020595635529087532,0.49799449803298507,-0.01855929070359663,0.034542746925013995,5483.TWO,2014-01-16,2014-01-17
0.04956130853304958,1802000,0,0.00781459695648208,0.00781459695648208,0.19434996831232745,D-1 estimated accounting; fill-day constraints require ledger audit,adaptive,V4_CAUSAL_7_EXPERTS_RIDGE_ANCHOR20,disabled,2014-01-16,risk_on,0.014109893765857312,0.004587211136914959,0.05597014819149626,0.5658914728682171,0.07560430816831071,0.7131782945736435,0.7984496124031008,2014-01-06,2014-01-07,"{""long_momentum"": 0.1274128855138695, ""mean_reversion"": 0.11719918742091638, ""medium_momentum"": 0.12641367239222479, ""ridge"": 0.12744803330227145, ""risk_adjusted"": 0.12672721755844046, ""short_momentum"": 0.123554717681236, ""trend"": 0.1274543809615425, ""volume_momentum"": 0.12378990516949888}",0.02085912037483504,0.5107055585536242,-0.016745574921220176,0.03826360634845675,6274.TWO,2014-01-16,2014-01-17
0.04270208120318477,1525000,0,0.002813280327281758,0.002813280327281758,0.2147237076539475,D-1 estimated accounting; fill-day constraints require ledger audit,adaptive,V4_CAUSAL_7_EXPERTS_RIDGE_ANCHOR20,disabled,2014-01-16,risk_on,0.014109893765857312,0.004587211136914959,0.05597014819149626,0.5658914728682171,0.07560430816831071,0.7131782945736435,0.7984496124031008,2014-01-06,2014-01-07,"{""long_momentum"": 0.1274128855138695, ""mean_reversion"": 0.11719918742091638, ""medium_momentum"": 0.12641367239222479, ""ridge"": 0.12744803330227145, ""risk_adjusted"": 0.12672721755844046, ""short_momentum"": 0.123554717681236, ""trend"": 0.1274543809615425, ""volume_momentum"": 0.12378990516949888}",0.02004512516385162,0.765601625158167,-0.017821945178682966,0.029337343347518894,6290.TWO,2014-01-16,2014-01-17
0.041572392970160035,1106000,0,0.0016234208497044728,0.0016234208497044728,0.18979732585993314,D-1 estimated accounting; fill-day constraints require ledger audit,adaptive,V4_CAUSAL_7_EXPERTS_RIDGE_ANCHOR20,disabled,2014-01-16,risk_on,0.014109893765857312,0.004587211136914959,0.05597014819149626,0.5658914728682171,0.07560430816831071,0.7131782945736435,0.7984496124031008,2014-01-06,2014-01-07,"{""long_momentum"": 0.1274128855138695, ""mean_reversion"": 0.11719918742091638, ""medium_momentum"": 0.12641367239222479, ""ridge"": 0.12744803330227145, ""risk_adjusted"": 0.12672721755844046, ""short_momentum"": 0.123554717681236, ""trend"": 0.1274543809615425, ""volume_momentum"": 0.12378990516949888}",0.020094035487812432,0.765601625158167,-0.019408058773691002,0.02854373798737236,8046.TW,2014-01-16,2014-01-17
0.03991402916948581,2267000,0,0.0007924272379572513,0.0007924272379572513,0.1135862212092628,D-1 estimated accounting; fill-day constraints require ledger audit,adaptive,V4_CAUSAL_7_EXPERTS_RIDGE_ANCHOR20,disabled,2014-01-17,risk_on,0.0134923975067513,0.0,0.04575891232079976,0.4883720930232558,0.07627762850720075,0.6821705426356589,0.7674418604651163,2014-01-06,2014-01-07,"{""long_momentum"": 0.1274128855138695, ""mean_reversion"": 0.11719918742091638, ""medium_momentum"": 0.12641367239222479, ""ridge"": 0.12744803330227145, ""risk_adjusted"": 0.12672721755844046, ""short_momentum"": 0.123554717681236, ""trend"": 0.1274543809615425, ""volume_momentum"": 0.12378990516949888}",0.019976330148901215,0.5053107542985302,-0.01912607270329972,0.026599764693486638,1519.TW,2014-01-17,2014-01-20
0.03987476930654641,1244000,0,0.0008020792852462126,0.0008020792852462126,0.169667981701758,D-1 estimated accounting; fill-day constraints require ledger audit,adaptive,V4_CAUSAL_7_EXPERTS_RIDGE_ANCHOR20,disabled,2014-01-17,risk_on,0.0134923975067513,0.0,0.04575891232079976,0.4883720930232558,0.07627762850720075,0.6821705426356589,0.7674418604651163,2014-01-06,2014-01-07,"{""long_momentum"": 0.1274128855138695, ""mean_reversion"": 0.11719918742091638, ""medium_momentum"": 0.12641367239222479, ""ridge"": 0.12744803330227145, ""risk_adjusted"": 0.12672721755844046, ""short_momentum"": 0.123554717681236, ""trend"": 0.1274543809615425, ""volume_momentum"": 0.12378990516949888}",0.019944267817646584,0.7528905646375279,-0.018631572167790614,0.02612456825255545,1802.TW,2014-01-17,2014-01-20
0.04005618547420971,1528000,0,0.0006988405318148207,0.0006988405318148207,0.16561803611764006,D-1 estimated accounting; fill-day constraints require ledger audit,adaptive,V4_CAUSAL_7_EXPERTS_RIDGE_ANCHOR20,disabled,2014-01-17,risk_on,0.0134923975067513,0.0,0.04575891232079976,0.4883720930232558,0.07627762850720075,0.6821705426356589,0.7674418604651163,2014-01-06,2014-01-07,"{""long_momentum"": 0.1274128855138695, ""mean_reversion"": 0.11719918742091638, ""medium_momentum"": 0.12641367239222479, ""ridge"": 0.12744803330227145, ""risk_adjusted"": 0.12672721755844046, ""short_momentum"": 0.123554717681236, ""trend"": 0.1274543809615425, ""volume_momentum"": 0.12378990516949888}",0.01993984348827913,0.745103933395457,-0.018649555587546177,0.025936074165448228,2002.TW,2014-01-17,2014-01-20
0.04576360041044276,871000,0,0.007840487134472267,0.007840487134472267,0.28572273221172867,D-1 estimated accounting; fill-day constraints require ledger audit,adaptive,V4_CAUSAL_7_EXPERTS_RIDGE_ANCHOR20,disabled,2014-01-17,risk_on,0.0134923975067513,0.0,0.04575891232079976,0.4883720930232558,0.07627762850720075,0.6821705426356589,0.7674418604651163,2014-01-06,2014-01-07,"{""long_momentum"": 0.1274128855138695, ""mean_reversion"": 0.11719918742091638, ""medium_momentum"": 0.12641367239222479, ""ridge"": 0.12744803330227145, ""risk_adjusted"": 0.12672721755844046, ""short_momentum"": 0.123554717681236, ""trend"": 0.1274543809615425, ""volume_momentum"": 0.12378990516949888}",0.021565938080199402,0.765601625158167,-0.01879072097557248,0.040360532758789425,2347.TW,2014-01-17,2014-01-20
0.042354415327404936,5733000,0,0.0015531470110960012,0.0015531470110960012,0.1883727345566163,D-1 estimated accounting; fill-day constraints require ledger audit,adaptive,V4_CAUSAL_7_EXPERTS_RIDGE_ANCHOR20,disabled,2014-01-17,risk_on,0.0134923975067513,0.0,0.04575891232079976,0.4883720930232558,0.07627762850720075,0.6821705426356589,0.7674418604651163,2014-01-06,2014-01-07,"{""long_momentum"": 0.1274128855138695, ""mean_reversion"": 0.11719918742091638, ""medium_momentum"": 0.12641367239222479, ""ridge"": 0.12744803330227145, ""risk_adjusted"": 0.12672721755844046, ""short_momentum"": 0.123554717681236, ""trend"": 0.1274543809615425, ""volume_momentum"": 0.12378990516949888}",0.020080749945406328,0.765601625158167,-0.019376648042781906,0.028371779579246317,2368.TW,2014-01-17,2014-01-20
0.03906306916799076,199000,0,-0.00015917943049140084,-0.00015917943049140084,0.04866497175959488,D-1 estimated accounting; fill-day constraints require ledger audit,adaptive,V4_CAUSAL_7_EXPERTS_RIDGE_ANCHOR20,disabled,2014-01-17,risk_on,0.0134923975067513,0.0,0.04575891232079976,0.4883720930232558,0.07627762850720075,0.6821705426356589,0.7674418604651163,2014-01-06,2014-01-07,"{""long_momentum"": 0.1274128855138695, ""mean_reversion"": 0.11719918742091638, ""medium_momentum"": 0.12641367239222479, ""ridge"": 0.12744803330227145, ""risk_adjusted"": 0.12672721755844046, ""short_momentum"": 0.123554717681236, ""trend"": 0.1274543809615425, ""volume_momentum"": 0.12378990516949888}",0.01994750527736378,0.23682372725083717,-0.019651179352644686,0.025221658005934292,2395.TW,2014-01-17,2014-01-20
0.04017325798992963,4335000,0,0.00018913245108476205,0.00018913245108476205,0.07994598912382184,D-1 estimated accounting; fill-day constraints require ledger audit,adaptive,V4_CAUSAL_7_EXPERTS_RIDGE_ANCHOR20,disabled,2014-01-17,risk_on,0.0134923975067513,0.0,0.04575891232079976,0.4883720930232558,0.07627762850720075,0.6821705426356589,0.7674418604651163,2014-01-06,2014-01-07,"{""long_momentum"": 0.1274128855138695, ""mean_reversion"": 0.11719918742091638, ""medium_momentum"": 0.12641367239222479, ""ridge"": 0.12744803330227145, ""risk_adjusted"": 0.12672721755844046, ""short_momentum"": 0.123554717681236, ""trend"": 0.1274543809615425, ""volume_momentum"": 0.12378990516949888}",0.02000240434016961,0.3881115668776138,-0.020033387902035838,0.02630049031847777,2409.TW,2014-01-17,2014-01-20
0.04241758711694067,2018000,0,0.0025493439956004588,0.0025493439956004588,0.20624731318242936,D-1 estimated accounting; fill-day constraints require ledger audit,adaptive,V4_CAUSAL_7_EXPERTS_RIDGE_ANCHOR20,disabled,2014-01-17,risk_on,0.0134923975067513,0.0,0.04575891232079976,0.4883720930232558,0.07627762850720075,0.6821705426356589,0.7674418604651163,2014-01-06,2014-01-07,"{""long_momentum"": 0.1274128855138695, ""mean_reversion"": 0.11719918742091638, ""medium_momentum"": 0.12641367239222479, ""ridge"": 0.12744803330227145, ""risk_adjusted"": 0.12672721755844046, ""short_momentum"": 0.123554717681236, ""trend"": 0.1274543809615425, ""volume_momentum"": 0.12378990516949888}",0.020474245464677434,0.765601625158167,-0.020558834026961893,0.03154635953243522,2449.TW,2014-01-17,2014-01-20
0.039204384896304116,2958000,0,3.544678170281891e-05,3.544678170281891e-05,0.051656057892005246,D-1 estimated accounting; fill-day constraints require ledger audit,adaptive,V4_CAUSAL_7_EXPERTS_RIDGE_ANCHOR20,disabled,2014-01-17,risk_on,0.0134923975067513,0.0,0.04575891232079976,0.4883720930232558,0.07627762850720075,0.6821705426356589,0.7674418604651163,2014-01-06,2014-01-07,"{""long_momentum"": 0.1274128855138695, ""mean_reversion"": 0.11719918742091638, ""medium_momentum"": 0.12641367239222479, ""ridge"": 0.12744803330227145, ""risk_adjusted"": 0.12672721755844046, ""short_momentum"": 0.123554717681236, ""trend"": 0.1274543809615425, ""volume_momentum"": 0.12378990516949888}",0.020048316171015795,0.25732141901354727,-0.020627675801508986,0.026587406879187033,2609.TW,2014-01-17,2014-01-20
0.04035320562115804,2318000,0,0.0010668846002355277,0.0010668846002355277,0.11747572402837171,D-1 estimated accounting; fill-day constraints require ledger audit,adaptive,V4_CAUSAL_7_EXPERTS_RIDGE_ANCHOR20,disabled,2014-01-17,risk_on,0.0134923975067513,0.0,0.04575891232079976,0.4883720930232558,0.07627762850720075,0.6821705426356589,0.7674418604651163,2014-01-06,2014-01-07,"{""long_momentum"": 0.1274128855138695, ""mean_reversion"": 0.11719918742091638, ""medium_momentum"": 0.12641367239222479, ""ridge"": 0.12744803330227145, ""risk_adjusted"": 0.12672721755844046, ""short_momentum"": 0.123554717681236, ""trend"": 0.1274543809615425, ""volume_momentum"": 0.12378990516949888}",0.02030785549241008,0.5107055585536242,-0.021263692266522312,0.02928629898126578,2885.TW,2014-01-17,2014-01-20
0.041325134457264226,2033000,0,0.00038337937278207234,0.00038337937278207234,0.0005073763933890277,D-1 estimated accounting; fill-day constraints require ledger audit,adaptive,V4_CAUSAL_7_EXPERTS_RIDGE_ANCHOR20,disabled,2014-01-17,risk_on,0.0134923975067513,0.0,0.04575891232079976,0.4883720930232558,0.07627762850720075,0.6821705426356589,0.7674418604651163,2014-01-06,2014-01-07,"{""long_momentum"": 0.1274128855138695, ""mean_reversion"": 0.11719918742091638, ""medium_momentum"": 0.12641367239222479, ""ridge"": 0.12744803330227145, ""risk_adjusted"": 0.12672721755844046, ""short_momentum"": 0.123554717681236, ""trend"": 0.1274543809615425, ""volume_momentum"": 0.12378990516949888}",0.020215463189907454,0.0024126570904622613,-0.021444376365398324,0.02809997262523488,3017.TW,2014-01-17,2014-01-20
0.040011437141766186,1487000,0,0.00016034925902707543,0.00016034925902707543,0.00048106127275075126,D-1 estimated accounting; fill-day constraints require ledger audit,adaptive,V4_CAUSAL_7_EXPERTS_RIDGE_ANCHOR20,disabled,2014-01-17,risk_on,0.0134923975067513,0.0,0.04575891232079976,0.4883720930232558,0.07627762850720075,0.6821705426356589,0.7674418604651163,2014-01-06,2014-01-07,"{""long_momentum"": 0.1274128855138695, ""mean_reversion"": 0.11719918742091638, ""medium_momentum"": 0.12641367239222479, ""ridge"": 0.12744803330227145, ""risk_adjusted"": 0.12672721755844046, ""short_momentum"": 0.123554717681236, ""trend"": 0.1274543809615425, ""volume_momentum"": 0.12378990516949888}",0.020856431171290216,0.0024253524090043777,-0.024390775011572732,0.030600311043899292,3105.TWO,2014-01-17,2014-01-20
0.03645421666369778,410000,0,-0.0020297007133090426,-0.0020297007133090426,0.12900251843257488,D-1 estimated accounting; fill-day constraints require ledger audit,adaptive,V4_CAUSAL_7_EXPERTS_RIDGE_ANCHOR20,disabled,2014-01-17,risk_on,0.0134923975067513,0.0,0.04575891232079976,0.4883720930232558,0.07627762850720075,0.6821705426356589,0.7674418604651163,2014-01-06,2014-01-07,"{""long_momentum"": 0.1274128855138695, ""mean_reversion"": 0.11719918742091638, ""medium_momentum"": 0.12641367239222479, ""ridge"": 0.12744803330227145, ""risk_adjusted"": 0.12672721755844046, ""short_momentum"": 0.123554717681236, ""trend"": 0.1274543809615425, ""volume_momentum"": 0.12378990516949888}",0.020803875171477953,0.5107758541304281,-0.026401514796737177,0.028230950884391502,3163.TWO,2014-01-17,2014-01-20
0.04207599169739805,711000,0,0.0020320260047640925,0.0020320260047640925,0.19520536430469265,D-1 estimated accounting; fill-day constraints require ledger audit,adaptive,V4_CAUSAL_7_EXPERTS_RIDGE_ANCHOR20,disabled,2014-01-17,risk_on,0.0134923975067513,0.0,0.04575891232079976,0.4883720930232558,0.07627762850720075,0.6821705426356589,0.7674418604651163,2014-01-06,2014-01-07,"{""long_momentum"": 0.1274128855138695, ""mean_reversion"": 0.11719918742091638, ""medium_momentum"": 0.12641367239222479, ""ridge"": 0.12744803330227145, ""risk_adjusted"": 0.12672721755844046, ""short_momentum"": 0.123554717681236, ""trend"": 0.1274543809615425, ""volume_momentum"": 0.12378990516949888}",0.020089902985920633,0.7528905646375279,-0.018968236255745438,0.02892112577954603,3293.TWO,2014-01-17,2014-01-20
0.04375422722387937,511000,0,0.004493840612148788,0.004493840612148788,0.1588817963473375,D-1 estimated accounting; fill-day constraints require ledger audit,adaptive,V4_CAUSAL_7_EXPERTS_RIDGE_ANCHOR20,disabled,2014-01-17,risk_on,0.0134923975067513,0.0,0.04575891232079976,0.4883720930232558,0.07627762850720075,0.6821705426356589,0.7674418604651163,2014-01-06,2014-01-07,"{""long_momentum"": 0.1274128855138695, ""mean_reversion"": 0.11719918742091638, ""medium_momentum"": 0.12641367239222479, ""ridge"": 0.12744803330227145, ""risk_adjusted"": 0.12672721755844046, ""short_momentum"": 0.123554717681236, ""trend"": 0.1274543809615425, ""volume_momentum"": 0.12378990516949888}",0.02026337826846108,0.49799449803298507,-0.01760284176517163,0.03247936050374162,3653.TW,2014-01-17,2014-01-20
0.040771911564950025,763000,0,7.911117069911092e-05,7.911117069911092e-05,0.10156220312245391,D-1 estimated accounting; fill-day constraints require ledger audit,adaptive,V4_CAUSAL_7_EXPERTS_RIDGE_ANCHOR20,disabled,2014-01-17,risk_on,0.0134923975067513,0.0,0.04575891232079976,0.4883720930232558,0.07627762850720075,0.6821705426356589,0.7674418604651163,2014-01-06,2014-01-07,"{""long_momentum"": 0.1274128855138695, ""mean_reversion"": 0.11719918742091638, ""medium_momentum"": 0.12641367239222479, ""ridge"": 0.12744803330227145, ""risk_adjusted"": 0.12672721755844046, ""short_momentum"": 0.123554717681236, ""trend"": 0.1274543809615425, ""volume_momentum"": 0.12378990516949888}",0.020191406974103092,0.5053107542985302,-0.021605704591310334,0.027652764446980966,3680.TWO,2014-01-17,2014-01-20
0.04389761967038348,176000,0,0.004211987106327905,0.004211987106327905,0.20836470789613293,D-1 estimated accounting; fill-day constraints require ledger audit,adaptive,V4_CAUSAL_7_EXPERTS_RIDGE_ANCHOR20,disabled,2014-01-17,risk_on,0.0134923975067513,0.0,0.04575891232079976,0.4883720930232558,0.07627762850720075,0.6821705426356589,0.7674418604651163,2014-01-06,2014-01-07,"{""long_momentum"": 0.1274128855138695, ""mean_reversion"": 0.11719918742091638, ""medium_momentum"": 0.12641367239222479, ""ridge"": 0.12744803330227145, ""risk_adjusted"": 0.12672721755844046, ""short_momentum"": 0.123554717681236, ""trend"": 0.1274543809615425, ""volume_momentum"": 0.12378990516949888}",0.024635934505504792,0.765601625158167,-0.02864643582703893,0.04295924755396715,4966.TWO,2014-01-17,2014-01-20
0.03950298730473111,935000,0,0.0011690611274638497,0.0011690611274638497,0.12031071175307731,D-1 estimated accounting; fill-day constraints require ledger audit,adaptive,V4_CAUSAL_7_EXPERTS_RIDGE_ANCHOR20,disabled,2014-01-17,risk_on,0.0134923975067513,0.0,0.04575891232079976,0.4883720930232558,0.07627762850720075,0.6821705426356589,0.7674418604651163,2014-01-06,2014-01-07,"{""long_momentum"": 0.1274128855138695, ""mean_reversion"": 0.11719918742091638, ""medium_momentum"": 0.12641367239222479, ""ridge"": 0.12744803330227145, ""risk_adjusted"": 0.12672721755844046, ""short_momentum"": 0.123554717681236, ""trend"": 0.1274543809615425, ""volume_momentum"": 0.12378990516949888}",0.020393064508846957,0.5180218148191693,-0.021576181902063746,0.02980314167126386,4979.TWO,2014-01-17,2014-01-20
0.04714259073477138,813000,0,0.003802372542312537,0.003802372542312537,0.15084949885775178,D-1 estimated accounting; fill-day constraints require ledger audit,adaptive,V4_CAUSAL_7_EXPERTS_RIDGE_ANCHOR20,disabled,2014-01-17,risk_on,0.0134923975067513,0.0,0.04575891232079976,0.4883720930232558,0.07627762850720075,0.6821705426356589,0.7674418604651163,2014-01-06,2014-01-07,"{""long_momentum"": 0.1274128855138695, ""mean_reversion"": 0.11719918742091638, ""medium_momentum"": 0.12641367239222479, ""ridge"": 0.12744803330227145, ""risk_adjusted"": 0.12672721755844046, ""short_momentum"": 0.123554717681236, ""trend"": 0.1274543809615425, ""volume_momentum"": 0.12378990516949888}",0.020998326961886055,0.5107055585536242,-0.021210856520186516,0.034704439119083996,5483.TWO,2014-01-17,2014-01-20
0.050266963807082204,1802000,0,0.00809827212972869,0.00809827212972869,0.29476456713133564,D-1 estimated accounting; fill-day constraints require ledger audit,adaptive,V4_CAUSAL_7_EXPERTS_RIDGE_ANCHOR20,disabled,2014-01-17,risk_on,0.0134923975067513,0.0,0.04575891232079976,0.4883720930232558,0.07627762850720075,0.6821705426356589,0.7674418604651163,2014-01-06,2014-01-07,"{""long_momentum"": 0.1274128855138695, ""mean_reversion"": 0.11719918742091638, ""medium_momentum"": 0.12641367239222479, ""ridge"": 0.12744803330227145, ""risk_adjusted"": 0.12672721755844046, ""short_momentum"": 0.123554717681236, ""trend"": 0.1274543809615425, ""volume_momentum"": 0.12378990516949888}",0.020922297326355553,0.765601625158167,-0.01667110651541804,0.03875648828914783,6274.TWO,2014-01-17,2014-01-20
0.042617594856978296,1525000,0,0.001933628152974089,0.001933628152974089,0.19424713184033468,D-1 estimated accounting; fill-day constraints require ledger audit,adaptive,V4_CAUSAL_7_EXPERTS_RIDGE_ANCHOR20,disabled,2014-01-17,risk_on,0.0134923975067513,0.0,0.04575891232079976,0.4883720930232558,0.07627762850720075,0.6821705426356589,0.7674418604651163,2014-01-06,2014-01-07,"{""long_momentum"": 0.1274128855138695, ""mean_reversion"": 0.11719918742091638, ""medium_momentum"": 0.12641367239222479, ""ridge"": 0.12744803330227145, ""risk_adjusted"": 0.12672721755844046, ""short_momentum"": 0.123554717681236, ""trend"": 0.1274543809615425, ""volume_momentum"": 0.12378990516949888}",0.020394430345839296,0.765601625158167,-0.02081795657369114,0.030574050393911725,6290.TWO,2014-01-17,2014-01-20
0.04136199620515002,1106000,0,0.0015062716026237287,0.0015062716026237287,0.1570945236671713,D-1 estimated accounting; fill-day constraints require ledger audit,adaptive,V4_CAUSAL_7_EXPERTS_RIDGE_ANCHOR20,disabled,2014-01-17,risk_on,0.0134923975067513,0.0,0.04575891232079976,0.4883720930232558,0.07627762850720075,0.6821705426356589,0.7674418604651163,2014-01-06,2014-01-07,"{""long_momentum"": 0.1274128855138695, ""mean_reversion"": 0.11719918742091638, ""medium_momentum"": 0.12641367239222479, ""ridge"": 0.12744803330227145, ""risk_adjusted"": 0.12672721755844046, ""short_momentum"": 0.123554717681236, ""trend"": 0.1274543809615425, ""volume_momentum"": 0.12378990516949888}",0.02007518566599778,0.6418117199886682,-0.01937974238118082,0.02828112310070069,8046.TW,2014-01-17,2014-01-20
0.04037130498804502,2267000,0,0.0002653021689740368,0.0002653021689740368,0.054962653297031504,D-1 estimated accounting; fill-day constraints require ledger audit,adaptive,V4_CAUSAL_7_EXPERTS_RIDGE_ANCHOR20,disabled,2014-01-20,risk_on,0.013995869371661964,0.0010893977890864548,0.03992396797737152,0.5271317829457365,0.0829665788432075,0.689922480620155,0.7751937984496124,2014-01-06,2014-01-07,"{""long_momentum"": 0.1274128855138695, ""mean_reversion"": 0.11719918742091638, ""medium_momentum"": 0.12641367239222479, ""ridge"": 0.12744803330227145, ""risk_adjusted"": 0.12672721755844046, ""short_momentum"": 0.123554717681236, ""trend"": 0.1274543809615425, ""volume_momentum"": 0.12378990516949888}",0.019941569946535998,0.2631257482146265,-0.019117202831316567,0.025536644683537054,1519.TW,2014-01-20,2014-01-21
0.04000656362544936,1244000,0,0.0006087055834363963,0.0006087055834363963,0.1088882449785646,D-1 estimated accounting; fill-day constraints require ledger audit,adaptive,V4_CAUSAL_7_EXPERTS_RIDGE_ANCHOR20,disabled,2014-01-20,risk_on,0.013995869371661964,0.0010893977890864548,0.03992396797737152,0.5271317829457365,0.0829665788432075,0.689922480620155,0.7751937984496124,2014-01-06,2014-01-07,"{""long_momentum"": 0.1274128855138695, ""mean_reversion"": 0.11719918742091638, ""medium_momentum"": 0.12641367239222479, ""ridge"": 0.12744803330227145, ""risk_adjusted"": 0.12672721755844046, ""short_momentum"": 0.123554717681236, ""trend"": 0.1274543809615425, ""volume_momentum"": 0.12378990516949888}",0.020042405996037134,0.49799449803298507,-0.02000247909550074,0.027108727776645945,1802.TW,2014-01-20,2014-01-21
0.040367299015113454,1528000,0,0.0010568274164701559,0.0010568274164701559,0.173606839979825,D-1 estimated accounting; fill-day constraints require ledger audit,adaptive,V4_CAUSAL_7_EXPERTS_RIDGE_ANCHOR20,disabled,2014-01-20,risk_on,0.013995869371661964,0.0010893977890864548,0.03992396797737152,0.5271317829457365,0.0829665788432075,0.689922480620155,0.7751937984496124,2014-01-06,2014-01-07,"{""long_momentum"": 0.1274128855138695, ""mean_reversion"": 0.11719918742091638, ""medium_momentum"": 0.12641367239222479, ""ridge"": 0.12744803330227145, ""risk_adjusted"": 0.12672721755844046, ""short_momentum"": 0.123554717681236, ""trend"": 0.1274543809615425, ""volume_momentum"": 0.12378990516949888}",0.019938495880894237,0.745103933395457,-0.01826410915055499,0.026266601497767713,2002.TW,2014-01-20,2014-01-21
0.04629079765657876,871000,0,0.00785755969487322,0.00785755969487322,0.28259618744930304,D-1 estimated accounting; fill-day constraints require ledger audit,adaptive,V4_CAUSAL_7_EXPERTS_RIDGE_ANCHOR20,disabled,2014-01-20,risk_on,0.013995869371661964,0.0010893977890864548,0.03992396797737152,0.5271317829457365,0.0829665788432075,0.689922480620155,0.7751937984496124,2014-01-06,2014-01-07,"{""long_momentum"": 0.1274128855138695, ""mean_reversion"": 0.11719918742091638, ""medium_momentum"": 0.12641367239222479, ""ridge"": 0.12744803330227145, ""risk_adjusted"": 0.12672721755844046, ""short_momentum"": 0.123554717681236, ""trend"": 0.1274543809615425, ""volume_momentum"": 0.12378990516949888}",0.021975778598938785,0.765601625158167,-0.019789537816710084,0.04139349472072894,2347.TW,2014-01-20,2014-01-21
0.04225022993408607,5733000,0,0.0011844891135581106,0.0011844891135581106,0.06392821800557509,D-1 estimated accounting; fill-day constraints require ledger audit,adaptive,V4_CAUSAL_7_EXPERTS_RIDGE_ANCHOR20,disabled,2014-01-20,risk_on,0.013995869371661964,0.0010893977890864548,0.03992396797737152,0.5271317829457365,0.0829665788432075,0.689922480620155,0.7751937984496124,2014-01-06,2014-01-07,"{""long_momentum"": 0.1274128855138695, ""mean_reversion"": 0.11719918742091638, ""medium_momentum"": 0.12641367239222479, ""ridge"": 0.12744803330227145, ""risk_adjusted"": 0.12672721755844046, ""short_momentum"": 0.123554717681236, ""trend"": 0.1274543809615425, ""volume_momentum"": 0.12378990516949888}",0.020023885118490008,0.2709123794566974,-0.01925567753756645,0.02751349327895508,2368.TW,2014-01-20,2014-01-21
0.038479595548142134,199000,0,-0.0014659819119169353,-0.0014659819119169353,0.18236579315073242,D-1 estimated accounting; fill-day constraints require ledger audit,adaptive,V4_CAUSAL_7_EXPERTS_RIDGE_ANCHOR20,disabled,2014-01-20,risk_on,0.013995869371661964,0.0010893977890864548,0.03992396797737152,0.5271317829457365,0.0829665788432075,0.689922480620155,0.7751937984496124,2014-01-06,2014-01-07,"{""long_momentum"": 0.1274128855138695, ""mean_reversion"": 0.11719918742091638, ""medium_momentum"": 0.12641367239222479, ""ridge"": 0.12744803330227145, ""risk_adjusted"": 0.12672721755844046, ""short_momentum"": 0.123554717681236, ""trend"": 0.1274543809615425, ""volume_momentum"": 0.12378990516949888}",0.01995250629574306,0.745103933395457,-0.021042661442472927,0.023999535132911465,2395.TW,2014-01-20,2014-01-21
0.04031067137305623,4335000,0,0.0006407500532940214,0.0006407500532940214,0.11409920218434919,D-1 estimated accounting; fill-day constraints require ledger audit,adaptive,V4_CAUSAL_7_EXPERTS_RIDGE_ANCHOR20,disabled,2014-01-20,risk_on,0.013995869371661964,0.0010893977890864548,0.03992396797737152,0.5271317829457365,0.0829665788432075,0.689922480620155,0.7751937984496124,2014-01-06,2014-01-07,"{""long_momentum"": 0.1274128855138695, ""mean_reversion"": 0.11719918742091638, ""medium_momentum"": 0.12641367239222479, ""ridge"": 0.12744803330227145, ""risk_adjusted"": 0.12672721755844046, ""short_momentum"": 0.123554717681236, ""trend"": 0.1274543809615425, ""volume_momentum"": 0.12378990516949888}",0.019992074639881407,0.5184921897956951,-0.01946760196147027,0.02663793958233072,2409.TW,2014-01-20,2014-01-21
0.04232701108194095,2018000,0,0.003512051469871559,0.003512051469871559,0.2629466971887833,D-1 estimated accounting; fill-day constraints require ledger audit,adaptive,V4_CAUSAL_7_EXPERTS_RIDGE_ANCHOR20,disabled,2014-01-20,risk_on,0.013995869371661964,0.0010893977890864548,0.03992396797737152,0.5271317829457365,0.0829665788432075,0.689922480620155,0.7751937984496124,2014-01-06,2014-01-07,"{""long_momentum"": 0.1274128855138695, ""mean_reversion"": 0.11719918742091638, ""medium_momentum"": 0.12641367239222479, ""ridge"": 0.12744803330227145, ""risk_adjusted"": 0.12672721755844046, ""short_momentum"": 0.123554717681236, ""trend"": 0.1274543809615425, ""volume_momentum"": 0.12378990516949888}",0.02006577831333571,0.8828008125790834,-0.017298196045720343,0.03021113649973587,2449.TW,2014-01-20,2014-01-21
0.039505569726724754,2958000,0,-0.00010347089424349998,-0.00010347089424349998,0.07624717945341954,D-1 estimated accounting; fill-day constraints require ledger audit,adaptive,V4_CAUSAL_7_EXPERTS_RIDGE_ANCHOR20,disabled,2014-01-20,risk_on,0.013995869371661964,0.0010893977890864548,0.03992396797737152,0.5271317829457365,0.0829665788432075,0.689922480620155,0.7751937984496124,2014-01-06,2014-01-07,"{""long_momentum"": 0.1274128855138695, ""mean_reversion"": 0.11719918742091638, ""medium_momentum"": 0.12641367239222479, ""ridge"": 0.12744803330227145, ""risk_adjusted"": 0.12672721755844046, ""short_momentum"": 0.123554717681236, ""trend"": 0.1274543809615425, ""volume_momentum"": 0.12378990516949888}",0.019964407392328184,0.37452060643446367,-0.019861312765572507,0.025543208491357917,2609.TW,2014-01-20,2014-01-21
0.039444688829456245,2318000,0,0.0007019922978605667,0.0007019922978605667,0.11210172483666213,D-1 estimated accounting; fill-day constraints require ledger audit,adaptive,V4_CAUSAL_7_EXPERTS_RIDGE_ANCHOR20,disabled,2014-01-20,risk_on,0.013995869371661964,0.0010893977890864548,0.03992396797737152,0.5271317829457365,0.0829665788432075,0.689922480620155,0.7751937984496124,2014-01-06,2014-01-07,"{""long_momentum"": 0.1274128855138695, ""mean_reversion"": 0.11719918742091638, ""medium_momentum"": 0.12641367239222479, ""ridge"": 0.12744803330227145, ""risk_adjusted"": 0.12672721755844046, ""short_momentum"": 0.123554717681236, ""trend"": 0.1274543809615425, ""volume_momentum"": 0.12378990516949888}",0.020000360036454543,0.5053107542985302,-0.019498489933744128,0.026791312043737674,2885.TW,2014-01-20,2014-01-21
0.04073072978162656,2033000,0,0.0013101418474834037,0.0013101418474834037,0.057718264100584595,D-1 estimated accounting; fill-day constraints require ledger audit,adaptive,V4_CAUSAL_7_EXPERTS_RIDGE_ANCHOR20,disabled,2014-01-20,risk_on,0.013995869371661964,0.0010893977890864548,0.03992396797737152,0.5271317829457365,0.0829665788432075,0.689922480620155,0.7751937984496124,2014-01-06,2014-01-07,"{""long_momentum"": 0.1274128855138695, ""mean_reversion"": 0.11719918742091638, ""medium_momentum"": 0.12641367239222479, ""ridge"": 0.12744803330227145, ""risk_adjusted"": 0.12672721755844046, ""short_momentum"": 0.123554717681236, ""trend"": 0.1274543809615425, ""volume_momentum"": 0.12378990516949888}",0.02129301207609333,0.25248340951408066,-0.024581211828668306,0.033090333037907524,3017.TW,2014-01-20,2014-01-21
0.040240863585489624,1487000,0,-3.16649147148729e-05,-3.16649147148729e-05,0.0004796460415362126,D-1 estimated accounting; fill-day constraints require ledger audit,adaptive,V4_CAUSAL_7_EXPERTS_RIDGE_ANCHOR20,disabled,2014-01-20,risk_on,0.013995869371661964,0.0010893977890864548,0.03992396797737152,0.5271317829457365,0.0829665788432075,0.689922480620155,0.7751937984496124,2014-01-06,2014-01-07,"{""long_momentum"": 0.1274128855138695, ""mean_reversion"": 0.11719918742091638, ""medium_momentum"": 0.12641367239222479, ""ridge"": 0.12744803330227145, ""risk_adjusted"": 0.12672721755844046, ""short_momentum"": 0.123554717681236, ""trend"": 0.1274543809615425, ""volume_momentum"": 0.12378990516949888}",0.020411181612530308,0.0024253524090043777,-0.022860329758532954,0.028685837443375616,3105.TWO,2014-01-20,2014-01-21
0.03727424280384637,410000,0,-0.0006762957522690816,-0.0006762957522690816,0.11205690263957853,D-1 estimated accounting; fill-day constraints require ledger audit,adaptive,V4_CAUSAL_7_EXPERTS_RIDGE_ANCHOR20,disabled,2014-01-20,risk_on,0.013995869371661964,0.0010893977890864548,0.03992396797737152,0.5271317829457365,0.0829665788432075,0.689922480620155,0.7751937984496124,2014-01-06,2014-01-07,"{""long_momentum"": 0.1274128855138695, ""mean_reversion"": 0.11719918742091638, ""medium_momentum"": 0.12641367239222479, ""ridge"": 0.12744803330227145, ""risk_adjusted"": 0.12672721755844046, ""short_momentum"": 0.123554717681236, ""trend"": 0.1274543809615425, ""volume_momentum"": 0.12378990516949888}",0.020197298313484813,0.5107758541304281,-0.02239666303077082,0.02693290904050507,3163.TWO,2014-01-20,2014-01-21
0.04236667515960898,711000,0,0.000695565935483525,0.000695565935483525,0.059860372857940526,D-1 estimated accounting; fill-day constraints require ledger audit,adaptive,V4_CAUSAL_7_EXPERTS_RIDGE_ANCHOR20,disabled,2014-01-20,risk_on,0.013995869371661964,0.0010893977890864548,0.03992396797737152,0.5271317829457365,0.0829665788432075,0.689922480620155,0.7751937984496124,2014-01-06,2014-01-07,"{""long_momentum"": 0.1274128855138695, ""mean_reversion"": 0.11719918742091638, ""medium_momentum"": 0.12641367239222479, ""ridge"": 0.12744803330227145, ""risk_adjusted"": 0.12672721755844046, ""short_momentum"": 0.123554717681236, ""trend"": 0.1274543809615425, ""volume_momentum"": 0.12378990516949888}",0.0200810747078377,0.2709123794566974,-0.02023676181720061,0.027516731202440074,3293.TWO,2014-01-20,2014-01-21
0.04406733431019565,511000,0,0.003906939402710521,0.003906939402710521,0.15586747786150135,D-1 estimated accounting; fill-day constraints require ledger audit,adaptive,V4_CAUSAL_7_EXPERTS_RIDGE_ANCHOR20,disabled,2014-01-20,risk_on,0.013995869371661964,0.0010893977890864548,0.03992396797737152,0.5271317829457365,0.0829665788432075,0.689922480620155,0.7751937984496124,2014-01-06,2014-01-07,"{""long_momentum"": 0.1274128855138695, ""mean_reversion"": 0.11719918742091638, ""medium_momentum"": 0.12641367239222479, ""ridge"": 0.12744803330227145, ""risk_adjusted"": 0.12672721755844046, ""short_momentum"": 0.123554717681236, ""trend"": 0.1274543809615425, ""volume_momentum"": 0.12378990516949888}",0.02027697712095642,0.5107055585536242,-0.018262723655732546,0.031965439975426,3653.TW,2014-01-20,2014-01-21
0.04100736446795589,763000,0,0.0009681483072940208,0.0009681483072940208,0.11437336018497057,D-1 estimated accounting; fill-day constraints require ledger audit,adaptive,V4_CAUSAL_7_EXPERTS_RIDGE_ANCHOR20,disabled,2014-01-20,risk_on,0.013995869371661964,0.0010893977890864548,0.03992396797737152,0.5271317829457365,0.0829665788432075,0.689922480620155,0.7751937984496124,2014-01-06,2014-01-07,"{""long_momentum"": 0.1274128855138695, ""mean_reversion"": 0.11719918742091638, ""medium_momentum"": 0.12641367239222479, ""ridge"": 0.12744803330227145, ""risk_adjusted"": 0.12672721755844046, ""short_momentum"": 0.123554717681236, ""trend"": 0.1274543809615425, ""volume_momentum"": 0.12378990516949888}",0.02001784192391587,0.49799449803298507,-0.01941313078002448,0.027238264908884934,3680.TWO,2014-01-20,2014-01-21
0.04312157850315611,176000,0,0.004776039119615737,0.004776039119615737,0.23094939257795222,D-1 estimated accounting; fill-day constraints require ledger audit,adaptive,V4_CAUSAL_7_EXPERTS_RIDGE_ANCHOR20,disabled,2014-01-20,risk_on,0.013995869371661964,0.0010893977890864548,0.03992396797737152,0.5271317829457365,0.0829665788432075,0.689922480620155,0.7751937984496124,2014-01-06,2014-01-07,"{""long_momentum"": 0.1274128855138695, ""mean_reversion"": 0.11719918742091638, ""medium_momentum"": 0.12641367239222479, ""ridge"": 0.12744803330227145, ""risk_adjusted"": 0.12672721755844046, ""short_momentum"": 0.123554717681236, ""trend"": 0.1274543809615425, ""volume_momentum"": 0.12378990516949888}",0.022631716337291857,0.765601625158167,-0.02433098927956629,0.039771905033070175,4966.TWO,2014-01-20,2014-01-21
0.038678806152689295,935000,0,0.0012435551401260433,0.0012435551401260433,0.11997092801506512,D-1 estimated accounting; fill-day constraints require ledger audit,adaptive,V4_CAUSAL_7_EXPERTS_RIDGE_ANCHOR20,disabled,2014-01-20,risk_on,0.013995869371661964,0.0010893977890864548,0.03992396797737152,0.5271317829457365,0.0829665788432075,0.689922480620155,0.7751937984496124,2014-01-06,2014-01-07,"{""long_momentum"": 0.1274128855138695, ""mean_reversion"": 0.11719918742091638, ""medium_momentum"": 0.12641367239222479, ""ridge"": 0.12744803330227145, ""risk_adjusted"": 0.12672721755844046, ""short_momentum"": 0.123554717681236, ""trend"": 0.1274543809615425, ""volume_momentum"": 0.12378990516949888}",0.02005394550907608,0.5053107542985302,-0.019467986492382214,0.02784393428690671,4979.TWO,2014-01-20,2014-01-21
0.047555201409273065,813000,0,0.003701583007607903,0.003701583007607903,0.14827293279446505,D-1 estimated accounting; fill-day constraints require ledger audit,adaptive,V4_CAUSAL_7_EXPERTS_RIDGE_ANCHOR20,disabled,2014-01-20,risk_on,0.013995869371661964,0.0010893977890864548,0.03992396797737152,0.5271317829457365,0.0829665788432075,0.689922480620155,0.7751937984496124,2014-01-06,2014-01-07,"{""long_momentum"": 0.1274128855138695, ""mean_reversion"": 0.11719918742091638, ""medium_momentum"": 0.12641367239222479, ""ridge"": 0.12744803330227145, ""risk_adjusted"": 0.12672721755844046, ""short_momentum"": 0.123554717681236, ""trend"": 0.1274543809615425, ""volume_momentum"": 0.12378990516949888}",0.021269813163271704,0.5107055585536242,-0.022123963608762384,0.0354159671382506,5483.TWO,2014-01-20,2014-01-21
0.049743056107375644,1802000,0,0.005671785780046409,0.005671785780046409,0.2554975987568446,D-1 estimated accounting; fill-day constraints require ledger audit,adaptive,V4_CAUSAL_7_EXPERTS_RIDGE_ANCHOR20,disabled,2014-01-20,risk_on,0.013995869371661964,0.0010893977890864548,0.03992396797737152,0.5271317829457365,0.0829665788432075,0.689922480620155,0.7751937984496124,2014-01-06,2014-01-07,"{""long_momentum"": 0.1274128855138695, ""mean_reversion"": 0.11719918742091638, ""medium_momentum"": 0.12641367239222479, ""ridge"": 0.12744803330227145, ""risk_adjusted"": 0.12672721755844046, ""short_momentum"": 0.123554717681236, ""trend"": 0.1274543809615425, ""volume_momentum"": 0.12378990516949888}",0.02045018796747895,0.745103933395457,-0.017331646769207995,0.03456405584357322,6274.TWO,2014-01-20,2014-01-21
0.04315501106737504,1525000,0,0.0028594720450517428,0.0028594720450517428,0.21569576386406022,D-1 estimated accounting; fill-day constraints require ledger audit,adaptive,V4_CAUSAL_7_EXPERTS_RIDGE_ANCHOR20,disabled,2014-01-20,risk_on,0.013995869371661964,0.0010893977890864548,0.03992396797737152,0.5271317829457365,0.0829665788432075,0.689922480620155,0.7751937984496124,2014-01-06,2014-01-07,"{""long_momentum"": 0.1274128855138695, ""mean_reversion"": 0.11719918742091638, ""medium_momentum"": 0.12641367239222479, ""ridge"": 0.12744803330227145, ""risk_adjusted"": 0.12672721755844046, ""short_momentum"": 0.123554717681236, ""trend"": 0.1274543809615425, ""volume_momentum"": 0.12378990516949888}",0.02003734179487644,0.765601625158167,-0.017706250611438875,0.02931403221581477,6290.TWO,2014-01-20,2014-01-21
0.041042676377500746,1106000,0,0.0013167446266936081,0.0013167446266936081,0.08940046577889359,D-1 estimated accounting; fill-day constraints require ledger audit,adaptive,V4_CAUSAL_7_EXPERTS_RIDGE_ANCHOR20,disabled,2014-01-20,risk_on,0.013995869371661964,0.0010893977890864548,0.03992396797737152,0.5271317829457365,0.0829665788432075,0.689922480620155,0.7751937984496124,2014-01-06,2014-01-07,"{""long_momentum"": 0.1274128855138695, ""mean_reversion"": 0.11719918742091638, ""medium_momentum"": 0.12641367239222479, ""ridge"": 0.12744803330227145, ""risk_adjusted"": 0.12672721755844046, ""short_momentum"": 0.123554717681236, ""trend"": 0.1274543809615425, ""volume_momentum"": 0.12378990516949888}",0.02012332848322246,0.37420459286348623,-0.019926526282369628,0.028448853050029255,8046.TW,2014-01-20,2014-01-21
0.04008903105392888,2267000,0,-0.00032063496764390113,-0.00032063496764390113,0.053875186411582586,D-1 estimated accounting; fill-day constraints require ledger audit,adaptive,V4_CAUSAL_7_EXPERTS_RIDGE_ANCHOR20,disabled,2014-01-21,risk_on,0.014050135490573698,2.220446049250313e-16,0.032640924160893814,0.5116279069767442,0.08077861216576988,0.6666666666666666,0.7441860465116279,2014-01-06,2014-01-07,"{""long_momentum"": 0.1274128855138695, ""mean_reversion"": 0.11719918742091638, ""medium_momentum"": 0.12641367239222479, ""ridge"": 0.12744803330227145, ""risk_adjusted"": 0.12672721755844046, ""short_momentum"": 0.123554717681236, ""trend"": 0.1274543809615425, ""volume_momentum"": 0.12378990516949888}",0.019948426515827372,0.25586709220734316,-0.019828699924213957,0.025076267503198562,1519.TW,2014-01-21,2014-01-22
0.03949335462592651,1244000,0,-0.0007909619791014547,-0.0007909619791014547,0.11352689481035218,D-1 estimated accounting; fill-day constraints require ledger audit,adaptive,V4_CAUSAL_7_EXPERTS_RIDGE_ANCHOR20,disabled,2014-01-21,risk_on,0.014050135490573698,2.220446049250313e-16,0.032640924160893814,0.5116279069767442,0.08077861216576988,0.6666666666666666,0.7441860465116279,2014-01-06,2014-01-07,"{""long_momentum"": 0.1274128855138695, ""mean_reversion"": 0.11719918742091638, ""medium_momentum"": 0.12641367239222479, ""ridge"": 0.12744803330227145, ""risk_adjusted"": 0.12672721755844046, ""short_momentum"": 0.123554717681236, ""trend"": 0.1274543809615425, ""volume_momentum"": 0.12378990516949888}",0.02026351221446787,0.5107758541304281,-0.0228883699028194,0.0271952834588889,1802.TW,2014-01-21,2014-01-22
0.040535446945488614,1528000,0,0.0009492388008817162,0.0009492388008817162,0.11438808419110316,D-1 estimated accounting; fill-day constraints require ledger audit,adaptive,V4_CAUSAL_7_EXPERTS_RIDGE_ANCHOR20,disabled,2014-01-21,risk_on,0.014050135490573698,2.220446049250313e-16,0.032640924160893814,0.5116279069767442,0.08077861216576988,0.6666666666666666,0.7441860465116279,2014-01-06,2014-01-07,"{""long_momentum"": 0.1274128855138695, ""mean_reversion"": 0.11719918742091638, ""medium_momentum"": 0.12641367239222479, ""ridge"": 0.12744803330227145, ""risk_adjusted"": 0.12672721755844046, ""short_momentum"": 0.123554717681236, ""trend"": 0.1274543809615425, ""volume_momentum"": 0.12378990516949888}",0.019951082996394084,0.49799449803298507,-0.018603948594552416,0.02639126371058826,2002.TW,2014-01-21,2014-01-22
0.047002989670800056,871000,0,0.006925296721108938,0.006925296721108938,0.27033793553225466,D-1 estimated accounting; fill-day constraints require ledger audit,adaptive,V4_CAUSAL_7_EXPERTS_RIDGE_ANCHOR20,disabled,2014-01-21,risk_on,0.014050135490573698,2.220446049250313e-16,0.032640924160893814,0.5116279069767442,0.08077861216576988,0.6666666666666666,0.7441860465116279,2014-01-06,2014-01-07,"{""long_momentum"": 0.1274128855138695, ""mean_reversion"": 0.11719918742091638, ""medium_momentum"": 0.12641367239222479, ""ridge"": 0.12744803330227145, ""risk_adjusted"": 0.12672721755844046, ""short_momentum"": 0.123554717681236, ""trend"": 0.1274543809615425, ""volume_momentum"": 0.12378990516949888}",0.021847346146044416,0.765601625158167,-0.020413804165538306,0.04015323512202859,2347.TW,2014-01-21,2014-01-22
0.04174284574370749,5733000,0,0.0011041557047454934,0.0011041557047454934,0.11751067467018166,D-1 estimated accounting; fill-day constraints require ledger audit,adaptive,V4_CAUSAL_7_EXPERTS_RIDGE_ANCHOR20,disabled,2014-01-21,risk_on,0.014050135490573698,2.220446049250313e-16,0.032640924160893814,0.5116279069767442,0.08077861216576988,0.6666666666666666,0.7441860465116279,2014-01-06,2014-01-07,"{""long_momentum"": 0.1274128855138695, ""mean_reversion"": 0.11719918742091638, ""medium_momentum"": 0.12641367239222479, ""ridge"": 0.12744803330227145, ""risk_adjusted"": 0.12672721755844046, ""short_momentum"": 0.123554717681236, ""trend"": 0.1274543809615425, ""volume_momentum"": 0.12378990516949888}",0.020144485384056908,0.5053107542985302,-0.020283067290952327,0.028380216214715724,2368.TW,2014-01-21,2014-01-22
0.03863988034576188,199000,0,-0.0008499434680726497,-0.0008499434680726497,0.058279017979290214,D-1 estimated accounting; fill-day constraints require ledger audit,adaptive,V4_CAUSAL_7_EXPERTS_RIDGE_ANCHOR20,disabled,2014-01-21,risk_on,0.014050135490573698,2.220446049250313e-16,0.032640924160893814,0.5116279069767442,0.08077861216576988,0.6666666666666666,0.7441860465116279,2014-01-06,2014-01-07,"{""long_momentum"": 0.1274128855138695, ""mean_reversion"": 0.11719918742091638, ""medium_momentum"": 0.12641367239222479, ""ridge"": 0.12744803330227145, ""risk_adjusted"": 0.12672721755844046, ""short_momentum"": 0.123554717681236, ""trend"": 0.1274543809615425, ""volume_momentum"": 0.12378990516949888}",0.019979519802712193,0.25732141901354727,-0.0208087104061879,0.024997660984315013,2395.TW,2014-01-21,2014-01-22
0.039875710904790404,4335000,0,-6.869897075220617e-05,-6.869897075220617e-05,0.10358099470959162,D-1 estimated accounting; fill-day constraints require ledger audit,adaptive,V4_CAUSAL_7_EXPERTS_RIDGE_ANCHOR20,disabled,2014-01-21,risk_on,0.014050135490573698,2.220446049250313e-16,0.032640924160893814,0.5116279069767442,0.08077861216576988,0.6666666666666666,0.7441860465116279,2014-01-06,2014-01-07,"{""long_momentum"": 0.1274128855138695, ""mean_reversion"": 0.11719918742091638, ""medium_momentum"": 0.12641367239222479, ""ridge"": 0.12744803330227145, ""risk_adjusted"": 0.12672721755844046, ""short_momentum"": 0.123554717681236, ""trend"": 0.1274543809615425, ""volume_momentum"": 0.12378990516949888}",0.01999304080413643,0.5121471900412862,-0.020188040295690046,0.025939479868458043,2409.TW,2014-01-21,2014-01-22
0.04370624630341659,2018000,0,0.0045603667274120505,0.0045603667274120505,0.242693690885378,D-1 estimated accounting; fill-day constraints require ledger audit,adaptive,V4_CAUSAL_7_EXPERTS_RIDGE_ANCHOR20,disabled,2014-01-21,risk_on,0.014050135490573698,2.220446049250313e-16,0.032640924160893814,0.5116279069767442,0.08077861216576988,0.6666666666666666,0.7441860465116279,2014-01-06,2014-01-07,"{""long_momentum"": 0.1274128855138695, ""mean_reversion"": 0.11719918742091638, ""medium_momentum"": 0.12641367239222479, ""ridge"": 0.12744803330227145, ""risk_adjusted"": 0.12672721755844046, ""short_momentum"": 0.123554717681236, ""trend"": 0.1274543809615425, ""volume_momentum"": 0.12378990516949888}",0.020598770401008947,0.765601625158167,-0.019058516829953465,0.034068087799049976,2449.TW,2014-01-21,2014-01-22
0.03967012816758931,2958000,0,-0.00029730044191927934,-0.00029730044191927934,0.05118323503594768,D-1 estimated accounting; fill-day constraints require ledger audit,adaptive,V4_CAUSAL_7_EXPERTS_RIDGE_ANCHOR20,disabled,2014-01-21,risk_on,0.014050135490573698,2.220446049250313e-16,0.032640924160893814,0.5116279069767442,0.08077861216576988,0.6666666666666666,0.7441860465116279,2014-01-06,2014-01-07,"{""long_momentum"": 0.1274128855138695, ""mean_reversion"": 0.11719918742091638, ""medium_momentum"": 0.12641367239222479, ""ridge"": 0.12744803330227145, ""risk_adjusted"": 0.12672721755844046, ""short_momentum"": 0.123554717681236, ""trend"": 0.1274543809615425, ""volume_momentum"": 0.12378990516949888}",0.020019086051284003,0.24461035849290802,-0.020690840528663046,0.025985077159096898,2609.TW,2014-01-21,2014-01-22
0.040069563367924714,2318000,0,0.0014410403977029136,0.0014410403977029136,0.2441816397076279,D-1 estimated accounting; fill-day constraints require ledger audit,adaptive,V4_CAUSAL_7_EXPERTS_RIDGE_ANCHOR20,disabled,2014-01-21,risk_on,0.014050135490573698,2.220446049250313e-16,0.032640924160893814,0.5116279069767442,0.08077861216576988,0.6666666666666666,0.7441860465116279,2014-01-06,2014-01-07,"{""long_momentum"": 0.1274128855138695, ""mean_reversion"": 0.11719918742091638, ""medium_momentum"": 0.12641367239222479, ""ridge"": 0.12744803330227145, ""risk_adjusted"": 0.12672721755844046, ""short_momentum"": 0.123554717681236, ""trend"": 0.1274543809615425, ""volume_momentum"": 0.12378990516949888}",0.0199370296546365,0.9999999999999998,-0.01784910522023234,0.026620023529910577,2885.TW,2014-01-21,2014-01-22
0.04150632329124977,2033000,0,0.0009529446497897182,0.0009529446497897182,0.05706452618564789,D-1 estimated accounting; fill-day constraints require ledger audit,adaptive,V4_CAUSAL_7_EXPERTS_RIDGE_ANCHOR20,disabled,2014-01-21,risk_on,0.014050135490573698,2.220446049250313e-16,0.032640924160893814,0.5116279069767442,0.08077861216576988,0.6666666666666666,0.7441860465116279,2014-01-06,2014-01-07,"{""long_momentum"": 0.1274128855138695, ""mean_reversion"": 0.11719918742091638, ""medium_momentum"": 0.12641367239222479, ""ridge"": 0.12744803330227145, ""risk_adjusted"": 0.12672721755844046, ""short_momentum"": 0.123554717681236, ""trend"": 0.1274543809615425, ""volume_momentum"": 0.12378990516949888}",0.020170198307482515,0.2504146876939873,-0.02060070518506995,0.028395431998921798,3017.TW,2014-01-21,2014-01-22
0.04048235777115583,1487000,0,-0.0002519115634143497,-0.0002519115634143497,0.05322502726433646,D-1 estimated accounting; fill-day constraints require ledger audit,adaptive,V4_CAUSAL_7_EXPERTS_RIDGE_ANCHOR20,disabled,2014-01-21,risk_on,0.014050135490573698,2.220446049250313e-16,0.032640924160893814,0.5116279069767442,0.08077861216576988,0.6666666666666666,0.7441860465116279,2014-01-06,2014-01-07,"{""long_momentum"": 0.1274128855138695, ""mean_reversion"": 0.11719918742091638, ""medium_momentum"": 0.12641367239222479, ""ridge"": 0.12744803330227145, ""risk_adjusted"": 0.12672721755844046, ""short_momentum"": 0.123554717681236, ""trend"": 0.1274543809615425, ""volume_momentum"": 0.12378990516949888}",0.020138950696170926,0.25732141901354727,-0.02160213049150634,0.02698714487895005,3105.TWO,2014-01-21,2014-01-22
0.03747027964911894,410000,0,-0.0008595578251595636,-0.0008595578251595636,0.11579964295640288,D-1 estimated accounting; fill-day constraints require ledger audit,adaptive,V4_CAUSAL_7_EXPERTS_RIDGE_ANCHOR20,disabled,2014-01-21,risk_on,0.014050135490573698,2.220446049250313e-16,0.032640924160893814,0.5116279069767442,0.08077861216576988,0.6666666666666666,0.7441860465116279,2014-01-06,2014-01-07,"{""long_momentum"": 0.1274128855138695, ""mean_reversion"": 0.11719918742091638, ""medium_momentum"": 0.12641367239222479, ""ridge"": 0.12744803330227145, ""risk_adjusted"": 0.12672721755844046, ""short_momentum"": 0.123554717681236, ""trend"": 0.1274543809615425, ""volume_momentum"": 0.12378990516949888}",0.01998612335797938,0.5107758541304281,-0.020898649641377085,0.02506837150533037,3163.TWO,2014-01-21,2014-01-22
0.04190712420935333,711000,0,4.017170175943011e-05,4.017170175943011e-05,0.05439081584306618,D-1 estimated accounting; fill-day constraints require ledger audit,adaptive,V4_CAUSAL_7_EXPERTS_RIDGE_ANCHOR20,disabled,2014-01-21,risk_on,0.014050135490573698,2.220446049250313e-16,0.032640924160893814,0.5116279069767442,0.08077861216576988,0.6666666666666666,0.7441860465116279,2014-01-06,2014-01-07,"{""long_momentum"": 0.1274128855138695, ""mean_reversion"": 0.11719918742091638, ""medium_momentum"": 0.12641367239222479, ""ridge"": 0.12744803330227145, ""risk_adjusted"": 0.12672721755844046, ""short_momentum"": 0.123554717681236, ""trend"": 0.1274543809615425, ""volume_momentum"": 0.12378990516949888}",0.02006415680351023,0.2709123794566974,-0.02075678227767012,0.026725963195461392,3293.TWO,2014-01-21,2014-01-22
0.043742847539602975,511000,0,0.0025307080808477296,0.0025307080808477296,0.0717223703959544,D-1 estimated accounting; fill-day constraints require ledger audit,adaptive,V4_CAUSAL_7_EXPERTS_RIDGE_ANCHOR20,disabled,2014-01-21,risk_on,0.014050135490573698,2.220446049250313e-16,0.032640924160893814,0.5116279069767442,0.08077861216576988,0.6666666666666666,0.7441860465116279,2014-01-06,2014-01-07,"{""long_momentum"": 0.1274128855138695, ""mean_reversion"": 0.11719918742091638, ""medium_momentum"": 0.12641367239222479, ""ridge"": 0.12744803330227145, ""risk_adjusted"": 0.12672721755844046, ""short_momentum"": 0.123554717681236, ""trend"": 0.1274543809615425, ""volume_momentum"": 0.12378990516949888}",0.020146367342578523,0.2635961231911523,-0.01886899719504577,0.02981925087101364,3653.TW,2014-01-21,2014-01-22
0.04140568230735325,763000,0,0.0005085743968476247,0.0005085743968476247,0.05681924498476001,D-1 estimated accounting; fill-day constraints require ledger audit,adaptive,V4_CAUSAL_7_EXPERTS_RIDGE_ANCHOR20,disabled,2014-01-21,risk_on,0.014050135490573698,2.220446049250313e-16,0.032640924160893814,0.5116279069767442,0.08077861216576988,0.6666666666666666,0.7441860465116279,2014-01-06,2014-01-07,"{""long_momentum"": 0.1274128855138695, ""mean_reversion"": 0.11719918742091638, ""medium_momentum"": 0.12641367239222479, ""ridge"": 0.12744803330227145, ""risk_adjusted"": 0.12672721755844046, ""short_momentum"": 0.123554717681236, ""trend"": 0.1274543809615425, ""volume_momentum"": 0.12378990516949888}",0.0200012288424463,0.2631257482146265,-0.019701305524983562,0.026607291832951224,3680.TWO,2014-01-21,2014-01-22
0.04102218875805697,176000,0,0.0021564160260828724,0.0021564160260828724,0.19723449847453628,D-1 estimated accounting; fill-day constraints require ledger audit,adaptive,V4_CAUSAL_7_EXPERTS_RIDGE_ANCHOR20,disabled,2014-01-21,risk_on,0.014050135490573698,2.220446049250313e-16,0.032640924160893814,0.5116279069767442,0.08077861216576988,0.6666666666666666,0.7441860465116279,2014-01-06,2014-01-07,"{""long_momentum"": 0.1274128855138695, ""mean_reversion"": 0.11719918742091638, ""medium_momentum"": 0.12641367239222479, ""ridge"": 0.12744803330227145, ""risk_adjusted"": 0.12672721755844046, ""short_momentum"": 0.123554717681236, ""trend"": 0.1274543809615425, ""volume_momentum"": 0.12378990516949888}",0.02014424357091702,0.7524201896610021,-0.01922919947558192,0.029430869042020077,4966.TWO,2014-01-21,2014-01-22
0.03753906216216936,935000,0,0.0007234144812047528,0.0007234144812047528,0.05366242300241146,D-1 estimated accounting; fill-day constraints require ledger audit,adaptive,V4_CAUSAL_7_EXPERTS_RIDGE_ANCHOR20,disabled,2014-01-21,risk_on,0.014050135490573698,2.220446049250313e-16,0.032640924160893814,0.5116279069767442,0.08077861216576988,0.6666666666666666,0.7441860465116279,2014-01-06,2014-01-07,"{""long_momentum"": 0.1274128855138695, ""mean_reversion"": 0.11719918742091638, ""medium_momentum"": 0.12641367239222479, ""ridge"": 0.12744803330227145, ""risk_adjusted"": 0.12672721755844046, ""short_momentum"": 0.123554717681236, ""trend"": 0.1274543809615425, ""volume_momentum"": 0.12378990516949888}",0.021205432958499956,0.25248340951408066,-0.02491678166196585,0.03225244813864776,4979.TWO,2014-01-21,2014-01-22
0.047672489351978924,813000,0,0.004042905750314763,0.004042905750314763,0.1546273129892978,D-1 estimated accounting; fill-day constraints require ledger audit,adaptive,V4_CAUSAL_7_EXPERTS_RIDGE_ANCHOR20,disabled,2014-01-21,risk_on,0.014050135490573698,2.220446049250313e-16,0.032640924160893814,0.5116279069767442,0.08077861216576988,0.6666666666666666,0.7441860465116279,2014-01-06,2014-01-07,"{""long_momentum"": 0.1274128855138695, ""mean_reversion"": 0.11719918742091638, ""medium_momentum"": 0.12641367239222479, ""ridge"": 0.12744803330227145, ""risk_adjusted"": 0.12672721755844046, ""short_momentum"": 0.123554717681236, ""trend"": 0.1274543809615425, ""volume_momentum"": 0.12378990516949888}",0.020824147766174427,0.5107055585536242,-0.020398646422099917,0.03437329543700185,5483.TWO,2014-01-21,2014-01-22
0.05039784123640094,1802000,0,0.005172170075099399,0.005172170075099399,0.16790169368036018,D-1 estimated accounting; fill-day constraints require ledger audit,adaptive,V4_CAUSAL_7_EXPERTS_RIDGE_ANCHOR20,disabled,2014-01-21,risk_on,0.014050135490573698,2.220446049250313e-16,0.032640924160893814,0.5116279069767442,0.08077861216576988,0.6666666666666666,0.7441860465116279,2014-01-06,2014-01-07,"{""long_momentum"": 0.1274128855138695, ""mean_reversion"": 0.11719918742091638, ""medium_momentum"": 0.12641367239222479, ""ridge"": 0.12744803330227145, ""risk_adjusted"": 0.12672721755844046, ""short_momentum"": 0.123554717681236, ""trend"": 0.1274543809615425, ""volume_momentum"": 0.12378990516949888}",0.02076845765791178,0.5107055585536242,-0.019075994068653207,0.035309171733124416,6274.TWO,2014-01-21,2014-01-22
0.042804450445491624,1525000,0,0.0020617937283979623,0.0020617937283979623,0.20007112211137731,D-1 estimated accounting; fill-day constraints require ledger audit,adaptive,V4_CAUSAL_7_EXPERTS_RIDGE_ANCHOR20,disabled,2014-01-21,risk_on,0.014050135490573698,2.220446049250313e-16,0.032640924160893814,0.5116279069767442,0.08077861216576988,0.6666666666666666,0.7441860465116279,2014-01-06,2014-01-07,"{""long_momentum"": 0.1274128855138695, ""mean_reversion"": 0.11719918742091638, ""medium_momentum"": 0.12641367239222479, ""ridge"": 0.12744803330227145, ""risk_adjusted"": 0.12672721755844046, ""short_momentum"": 0.123554717681236, ""trend"": 0.1274543809615425, ""volume_momentum"": 0.12378990516949888}",0.019961200384582933,0.765601625158167,-0.01764960541274152,0.027662030383809856,6290.TWO,2014-01-21,2014-01-22
0.04121363755791933,1106000,0,0.001122939544345355,0.001122939544345355,0.05863454324974065,D-1 estimated accounting; fill-day constraints require ledger audit,adaptive,V4_CAUSAL_7_EXPERTS_RIDGE_ANCHOR20,disabled,2014-01-21,risk_on,0.014050135490573698,2.220446049250313e-16,0.032640924160893814,0.5116279069767442,0.08077861216576988,0.6666666666666666,0.7441860465116279,2014-01-06,2014-01-07,"{""long_momentum"": 0.1274128855138695, ""mean_reversion"": 0.11719918742091638, ""medium_momentum"": 0.12641367239222479, ""ridge"": 0.12744803330227145, ""risk_adjusted"": 0.12672721755844046, ""short_momentum"": 0.123554717681236, ""trend"": 0.1274543809615425, ""volume_momentum"": 0.12378990516949888}",0.020026731089836467,0.2504146876939873,-0.01934439666648379,0.02747911326944691,8046.TW,2014-01-21,2014-01-22
0.0398324573841446,2267000,0,-0.00030866165380835176,-0.00030866165380835176,0.10723571819667115,D-1 estimated accounting; fill-day constraints require ledger audit,adaptive,V4_CAUSAL_7_EXPERTS_RIDGE_ANCHOR20,disabled,2014-01-22,risk_on,0.01392715104720102,-1.1102230246251565e-16,0.03319502074688785,0.4883720930232558,0.07843212715779127,0.6434108527131783,0.7364341085271318,2014-01-06,2014-01-07,"{""long_momentum"": 0.1274128855138695, ""mean_reversion"": 0.11719918742091638, ""medium_momentum"": 0.12641367239222479, ""ridge"": 0.12744803330227145, ""risk_adjusted"": 0.12672721755844046, ""short_momentum"": 0.123554717681236, ""trend"": 0.1274543809615425, ""volume_momentum"": 0.12378990516949888}",0.019977094212911668,0.5107758541304281,-0.02023690068479165,0.025508414891447354,1519.TW,2014-01-22,2014-01-23
0.03907863262867953,1244000,0,-0.0012318818237831786,-0.0012318818237831786,0.11942965770719292,D-1 estimated accounting; fill-day constraints require ledger audit,adaptive,V4_CAUSAL_7_EXPERTS_RIDGE_ANCHOR20,disabled,2014-01-22,risk_on,0.01392715104720102,-1.1102230246251565e-16,0.03319502074688785,0.4883720930232558,0.07843212715779127,0.6434108527131783,0.7364341085271318,2014-01-06,2014-01-07,"{""long_momentum"": 0.1274128855138695, ""mean_reversion"": 0.11719918742091638, ""medium_momentum"": 0.12641367239222479, ""ridge"": 0.12744803330227145, ""risk_adjusted"": 0.12672721755844046, ""short_momentum"": 0.123554717681236, ""trend"": 0.1274543809615425, ""volume_momentum"": 0.12378990516949888}",0.020420583087292537,0.5107758541304281,-0.024103257855514294,0.02752833172222035,1802.TW,2014-01-22,2014-01-23
0.040618305260163,1528000,0,0.0007274226725118468,0.0007274226725118468,0.1137816789508138,D-1 estimated accounting; fill-day constraints require ledger audit,adaptive,V4_CAUSAL_7_EXPERTS_RIDGE_ANCHOR20,disabled,2014-01-22,risk_on,0.01392715104720102,-1.1102230246251565e-16,0.03319502074688785,0.4883720930232558,0.07843212715779127,0.6434108527131783,0.7364341085271318,2014-01-06,2014-01-07,"{""long_momentum"": 0.1274128855138695, ""mean_reversion"": 0.11719918742091638, ""medium_momentum"": 0.12641367239222479, ""ridge"": 0.12744803330227145, ""risk_adjusted"": 0.12672721755844046, ""short_momentum"": 0.123554717681236, ""trend"": 0.1274543809615425, ""volume_momentum"": 0.12378990516949888}",0.01997993744037857,0.5107055585536242,-0.01923654243376625,0.026580225293062355,2002.TW,2014-01-22,2014-01-23
0.04735928410559103,871000,0,0.006382736508779028,0.006382736508779028,0.2686916826949257,D-1 estimated accounting; fill-day constraints require ledger audit,adaptive,V4_CAUSAL_7_EXPERTS_RIDGE_ANCHOR20,disabled,2014-01-22,risk_on,0.01392715104720102,-1.1102230246251565e-16,0.03319502074688785,0.4883720930232558,0.07843212715779127,0.6434108527131783,0.7364341085271318,2014-01-06,2014-01-07,"{""long_momentum"": 0.1274128855138695, ""mean_reversion"": 0.11719918742091638, ""medium_momentum"": 0.12641367239222479, ""ridge"": 0.12744803330227145, ""risk_adjusted"": 0.12672721755844046, ""short_momentum"": 0.123554717681236, ""trend"": 0.1274543809615425, ""volume_momentum"": 0.12378990516949888}",0.02105087469370499,0.765601625158167,-0.018794431394005343,0.03744874192583581,2347.TW,2014-01-22,2014-01-23
0.0416569790320185,5733000,0,0.0010727666299923445,0.0010727666299923445,0.11666729831627672,D-1 estimated accounting; fill-day constraints require ledger audit,adaptive,V4_CAUSAL_7_EXPERTS_RIDGE_ANCHOR20,disabled,2014-01-22,risk_on,0.01392715104720102,-1.1102230246251565e-16,0.03319502074688785,0.4883720930232558,0.07843212715779127,0.6434108527131783,0.7364341085271318,2014-01-06,2014-01-07,"{""long_momentum"": 0.1274128855138695, ""mean_reversion"": 0.11719918742091638, ""medium_momentum"": 0.12641367239222479, ""ridge"": 0.12744803330227145, ""risk_adjusted"": 0.12672721755844046, ""short_momentum"": 0.123554717681236, ""trend"": 0.1274543809615425, ""volume_momentum"": 0.12378990516949888}",0.02022967056334633,0.5053107542985302,-0.020836784871995986,0.02887115564625309,2368.TW,2014-01-22,2014-01-23
0.03861958480343609,199000,0,-0.0003711403938188677,-0.0003711403938188677,0.0543069862575888,D-1 estimated accounting; fill-day constraints require ledger audit,adaptive,V4_CAUSAL_7_EXPERTS_RIDGE_ANCHOR20,disabled,2014-01-22,risk_on,0.01392715104720102,-1.1102230246251565e-16,0.03319502074688785,0.4883720930232558,0.07843212715779127,0.6434108527131783,0.7364341085271318,2014-01-06,2014-01-07,"{""long_momentum"": 0.1274128855138695, ""mean_reversion"": 0.11719918742091638, ""medium_momentum"": 0.12641367239222479, ""ridge"": 0.12744803330227145, ""risk_adjusted"": 0.12672721755844046, ""short_momentum"": 0.123554717681236, ""trend"": 0.1274543809615425, ""volume_momentum"": 0.12378990516949888}",0.020078798243962193,0.25732141901354727,-0.0212856629289883,0.026432219655622972,2395.TW,2014-01-22,2014-01-23
0.03930996546194167,4335000,0,-0.0005632515420429308,-0.0005632515420429308,0.10961289652292963,D-1 estimated accounting; fill-day constraints require ledger audit,adaptive,V4_CAUSAL_7_EXPERTS_RIDGE_ANCHOR20,disabled,2014-01-22,risk_on,0.01392715104720102,-1.1102230246251565e-16,0.03319502074688785,0.4883720930232558,0.07843212715779127,0.6434108527131783,0.7364341085271318,2014-01-06,2014-01-07,"{""long_momentum"": 0.1274128855138695, ""mean_reversion"": 0.11719918742091638, ""medium_momentum"": 0.12641367239222479, ""ridge"": 0.12744803330227145, ""risk_adjusted"": 0.12672721755844046, ""short_momentum"": 0.123554717681236, ""trend"": 0.1274543809615425, ""volume_momentum"": 0.12378990516949888}",0.020356905449329034,0.5107055585536242,-0.02313729958613319,0.027899634016319737,2409.TW,2014-01-22,2014-01-23
0.04349424025854299,2018000,0,0.0035886538248423028,0.0035886538248423028,0.22733890311164678,D-1 estimated accounting; fill-day constraints require ledger audit,adaptive,V4_CAUSAL_7_EXPERTS_RIDGE_ANCHOR20,disabled,2014-01-22,risk_on,0.01392715104720102,-1.1102230246251565e-16,0.03319502074688785,0.4883720930232558,0.07843212715779127,0.6434108527131783,0.7364341085271318,2014-01-06,2014-01-07,"{""long_momentum"": 0.1274128855138695, ""mean_reversion"": 0.11719918742091638, ""medium_momentum"": 0.12641367239222479, ""ridge"": 0.12744803330227145, ""risk_adjusted"": 0.12672721755844046, ""short_momentum"": 0.123554717681236, ""trend"": 0.1274543809615425, ""volume_momentum"": 0.12378990516949888}",0.020335068583508253,0.765601625158167,-0.018878710475008893,0.03194485563896591,2449.TW,2014-01-22,2014-01-23
0.04004567115261504,2958000,0,-0.00012842097775880387,-0.00012842097775880387,0.0016749167771940494,D-1 estimated accounting; fill-day constraints require ledger audit,adaptive,V4_CAUSAL_7_EXPERTS_RIDGE_ANCHOR20,disabled,2014-01-22,risk_on,0.01392715104720102,-1.1102230246251565e-16,0.03319502074688785,0.4883720930232558,0.07843212715779127,0.6434108527131783,0.7364341085271318,2014-01-06,2014-01-07,"{""long_momentum"": 0.1274128855138695, ""mean_reversion"": 0.11719918742091638, ""medium_momentum"": 0.12641367239222479, ""ridge"": 0.12744803330227145, ""risk_adjusted"": 0.12672721755844046, ""short_momentum"": 0.123554717681236, ""trend"": 0.1274543809615425, ""volume_momentum"": 0.12378990516949888}",0.020031136467294913,0.008216986291541495,-0.020637145153217164,0.026269140711971964,2609.TW,2014-01-22,2014-01-23
0.040266847157742085,2318000,0,0.0011968238607206862,0.0011968238607206862,0.11801032438388556,D-1 estimated accounting; fill-day constraints require ledger audit,adaptive,V4_CAUSAL_7_EXPERTS_RIDGE_ANCHOR20,disabled,2014-01-22,risk_on,0.01392715104720102,-1.1102230246251565e-16,0.03319502074688785,0.4883720930232558,0.07843212715779127,0.6434108527131783,0.7364341085271318,2014-01-06,2014-01-07,"{""long_momentum"": 0.1274128855138695, ""mean_reversion"": 0.11719918742091638, ""medium_momentum"": 0.12641367239222479, ""ridge"": 0.12744803330227145, ""risk_adjusted"": 0.12672721755844046, ""short_momentum"": 0.123554717681236, ""trend"": 0.1274543809615425, ""volume_momentum"": 0.12378990516949888}",0.019953296512474537,0.49799449803298507,-0.018392706069297278,0.02667519130501106,2885.TW,2014-01-22,2014-01-23
0.0421983364786997,2033000,0,0.00036752022702807416,0.00036752022702807416,0.0033749390486697084,D-1 estimated accounting; fill-day constraints require ledger audit,adaptive,V4_CAUSAL_7_EXPERTS_RIDGE_ANCHOR20,disabled,2014-01-22,risk_on,0.01392715104720102,-1.1102230246251565e-16,0.03319502074688785,0.4883720930232558,0.07843212715779127,0.6434108527131783,0.7364341085271318,2014-01-06,2014-01-07,"{""long_momentum"": 0.1274128855138695, ""mean_reversion"": 0.11719918742091638, ""medium_momentum"": 0.12641367239222479, ""ridge"": 0.12744803330227145, ""risk_adjusted"": 0.12672721755844046, ""short_momentum"": 0.123554717681236, ""trend"": 0.1274543809615425, ""volume_momentum"": 0.12378990516949888}",0.02010490518765747,0.01601631285215449,-0.020744412017808325,0.02736828998613688,3017.TW,2014-01-22,2014-01-23
0.04086120324216888,1487000,0,-0.0004903731589372073,-0.0004903731589372073,0.052646583858196594,D-1 estimated accounting; fill-day constraints require ledger audit,adaptive,V4_CAUSAL_7_EXPERTS_RIDGE_ANCHOR20,disabled,2014-01-22,risk_on,0.01392715104720102,-1.1102230246251565e-16,0.03319502074688785,0.4883720930232558,0.07843212715779127,0.6434108527131783,0.7364341085271318,2014-01-06,2014-01-07,"{""long_momentum"": 0.1274128855138695, ""mean_reversion"": 0.11719918742091638, ""medium_momentum"": 0.12641367239222479, ""ridge"": 0.12744803330227145, ""risk_adjusted"": 0.12672721755844046, ""short_momentum"": 0.123554717681236, ""trend"": 0.1274543809615425, ""volume_momentum"": 0.12378990516949888}",0.020019394963622126,0.24461035849290802,-0.02088694630733,0.025795037503728,3105.TWO,2014-01-22,2014-01-23
0.037465160016185044,410000,0,-0.0018398488727232665,-0.0018398488727232665,0.19158318288950932,D-1 estimated accounting; fill-day constraints require ledger audit,adaptive,V4_CAUSAL_7_EXPERTS_RIDGE_ANCHOR20,disabled,2014-01-22,risk_on,0.01392715104720102,-1.1102230246251565e-16,0.03319502074688785,0.4883720930232558,0.07843212715779127,0.6434108527131783,0.7364341085271318,2014-01-06,2014-01-07,"{""long_momentum"": 0.1274128855138695, ""mean_reversion"": 0.11719918742091638, ""medium_momentum"": 0.12641367239222479, ""ridge"": 0.12744803330227145, ""risk_adjusted"": 0.12672721755844046, ""short_momentum"": 0.123554717681236, ""trend"": 0.1274543809615425, ""volume_momentum"": 0.12378990516949888}",0.02003963815819172,0.7528905646375279,-0.022426299704030928,0.024635439472856804,3163.TWO,2014-01-22,2014-01-23
0.042063600505276036,711000,0,0.0006411819769762213,0.0006411819769762213,0.055563996192503864,D-1 estimated accounting; fill-day constraints require ledger audit,adaptive,V4_CAUSAL_7_EXPERTS_RIDGE_ANCHOR20,disabled,2014-01-22,risk_on,0.01392715104720102,-1.1102230246251565e-16,0.03319502074688785,0.4883720930232558,0.07843212715779127,0.6434108527131783,0.7364341085271318,2014-01-06,2014-01-07,"{""long_momentum"": 0.1274128855138695, ""mean_reversion"": 0.11719918742091638, ""medium_momentum"": 0.12641367239222479, ""ridge"": 0.12744803330227145, ""risk_adjusted"": 0.12672721755844046, ""short_momentum"": 0.123554717681236, ""trend"": 0.1274543809615425, ""volume_momentum"": 0.12378990516949888}",0.019992410939951008,0.25248340951408066,-0.019471002912155005,0.026642204380379855,3293.TWO,2014-01-22,2014-01-23
0.043781353535982635,511000,0,0.0017945037892576822,0.0017945037892576822,0.12586907796821878,D-1 estimated accounting; fill-day constraints require ledger audit,adaptive,V4_CAUSAL_7_EXPERTS_RIDGE_ANCHOR20,disabled,2014-01-22,risk_on,0.01392715104720102,-1.1102230246251565e-16,0.03319502074688785,0.4883720930232558,0.07843212715779127,0.6434108527131783,0.7364341085271318,2014-01-06,2014-01-07,"{""long_momentum"": 0.1274128855138695, ""mean_reversion"": 0.11719918742091638, ""medium_momentum"": 0.12641367239222479, ""ridge"": 0.12744803330227145, ""risk_adjusted"": 0.12672721755844046, ""short_momentum"": 0.123554717681236, ""trend"": 0.1274543809615425, ""volume_momentum"": 0.12378990516949888}",0.02008759909520883,0.49799449803298507,-0.019188196377376468,0.028666041470164244,3653.TW,2014-01-22,2014-01-23
0.041414329869908145,763000,0,0.00011809447813964239,0.00011809447813964239,0.05364080914462059,D-1 estimated accounting; fill-day constraints require ledger audit,adaptive,V4_CAUSAL_7_EXPERTS_RIDGE_ANCHOR20,disabled,2014-01-22,risk_on,0.01392715104720102,-1.1102230246251565e-16,0.03319502074688785,0.4883720930232558,0.07843212715779127,0.6434108527131783,0.7364341085271318,2014-01-06,2014-01-07,"{""long_momentum"": 0.1274128855138695, ""mean_reversion"": 0.11719918742091638, ""medium_momentum"": 0.12641367239222479, ""ridge"": 0.12744803330227145, ""risk_adjusted"": 0.12672721755844046, ""short_momentum"": 0.123554717681236, ""trend"": 0.1274543809615425, ""volume_momentum"": 0.12378990516949888}",0.019987836257595665,0.2631257482146265,-0.019941218380926697,0.02606624485147839,3680.TWO,2014-01-22,2014-01-23
0.039964207518822036,176000,0,0.0026849399057010982,0.0026849399057010982,0.1243346615937886,D-1 estimated accounting; fill-day constraints require ledger audit,adaptive,V4_CAUSAL_7_EXPERTS_RIDGE_ANCHOR20,disabled,2014-01-22,risk_on,0.01392715104720102,-1.1102230246251565e-16,0.03319502074688785,0.4883720930232558,0.07843212715779127,0.6434108527131783,0.7364341085271318,2014-01-06,2014-01-07,"{""long_momentum"": 0.1274128855138695, ""mean_reversion"": 0.11719918742091638, ""medium_momentum"": 0.12641367239222479, ""ridge"": 0.12744803330227145, ""risk_adjusted"": 0.12672721755844046, ""short_momentum"": 0.123554717681236, ""trend"": 0.1274543809615425, ""volume_momentum"": 0.12378990516949888}",0.023547563812173624,0.5053107542985302,-0.028236021696469424,0.039494739022144024,4966.TWO,2014-01-22,2014-01-23
0.03752268717602909,935000,0,0.000411088523191297,0.000411088523191297,0.00048715820796447904,D-1 estimated accounting; fill-day constraints require ledger audit,adaptive,V4_CAUSAL_7_EXPERTS_RIDGE_ANCHOR20,disabled,2014-01-22,risk_on,0.01392715104720102,-1.1102230246251565e-16,0.03319502074688785,0.4883720930232558,0.07843212715779127,0.6434108527131783,0.7364341085271318,2014-01-06,2014-01-07,"{""long_momentum"": 0.1274128855138695, ""mean_reversion"": 0.11719918742091638, ""medium_momentum"": 0.12641367239222479, ""ridge"": 0.12744803330227145, ""risk_adjusted"": 0.12672721755844046, ""short_momentum"": 0.123554717681236, ""trend"": 0.1274543809615425, ""volume_momentum"": 0.12378990516949888}",0.021528407456757107,0.0024253524090043777,-0.026121811015544297,0.0328328255761993,4979.TWO,2014-01-22,2014-01-23
0.04785090245515794,813000,0,0.003587673335660743,0.003587673335660743,0.07777796048411528,D-1 estimated accounting; fill-day constraints require ledger audit,adaptive,V4_CAUSAL_7_EXPERTS_RIDGE_ANCHOR20,disabled,2014-01-22,risk_on,0.01392715104720102,-1.1102230246251565e-16,0.03319502074688785,0.4883720930232558,0.07843212715779127,0.6434108527131783,0.7364341085271318,2014-01-06,2014-01-07,"{""long_momentum"": 0.1274128855138695, ""mean_reversion"": 0.11719918742091638, ""medium_momentum"": 0.12641367239222479, ""ridge"": 0.12744803330227145, ""risk_adjusted"": 0.12672721755844046, ""short_momentum"": 0.123554717681236, ""trend"": 0.1274543809615425, ""volume_momentum"": 0.12378990516949888}",0.02046474662757575,0.2631257482146265,-0.019479410665270716,0.03254359485086461,5483.TWO,2014-01-22,2014-01-23
0.04996266179041924,1802000,0,0.005074883626830637,0.005074883626830637,0.1636353410523639,D-1 estimated accounting; fill-day constraints require ledger audit,adaptive,V4_CAUSAL_7_EXPERTS_RIDGE_ANCHOR20,disabled,2014-01-22,risk_on,0.01392715104720102,-1.1102230246251565e-16,0.03319502074688785,0.4883720930232558,0.07843212715779127,0.6434108527131783,0.7364341085271318,2014-01-06,2014-01-07,"{""long_momentum"": 0.1274128855138695, ""mean_reversion"": 0.11719918742091638, ""medium_momentum"": 0.12641367239222479, ""ridge"": 0.12744803330227145, ""risk_adjusted"": 0.12672721755844046, ""short_momentum"": 0.123554717681236, ""trend"": 0.1274543809615425, ""volume_momentum"": 0.12378990516949888}",0.020586198399934773,0.49799449803298507,-0.018494575208198975,0.03453317997613266,6274.TWO,2014-01-22,2014-01-23
0.04304377671969496,1525000,0,0.0012981712673341536,0.0012981712673341536,0.12406184213472832,D-1 estimated accounting; fill-day constraints require ledger audit,adaptive,V4_CAUSAL_7_EXPERTS_RIDGE_ANCHOR20,disabled,2014-01-22,risk_on,0.01392715104720102,-1.1102230246251565e-16,0.03319502074688785,0.4883720930232558,0.07843212715779127,0.6434108527131783,0.7364341085271318,2014-01-06,2014-01-07,"{""long_momentum"": 0.1274128855138695, ""mean_reversion"": 0.11719918742091638, ""medium_momentum"": 0.12641367239222479, ""ridge"": 0.12744803330227145, ""risk_adjusted"": 0.12672721755844046, ""short_momentum"": 0.123554717681236, ""trend"": 0.1274543809615425, ""volume_momentum"": 0.12378990516949888}",0.019999923729540774,0.5180218148191693,-0.018897573571345153,0.027382753620285867,6290.TWO,2014-01-22,2014-01-23
0.04140800984456196,1106000,0,0.0008379714515372822,0.0008379714515372822,0.05643726538500612,D-1 estimated accounting; fill-day constraints require ledger audit,adaptive,V4_CAUSAL_7_EXPERTS_RIDGE_ANCHOR20,disabled,2014-01-22,risk_on,0.01392715104720102,-1.1102230246251565e-16,0.03319502074688785,0.4883720930232558,0.07843212715779127,0.6434108527131783,0.7364341085271318,2014-01-06,2014-01-07,"{""long_momentum"": 0.1274128855138695, ""mean_reversion"": 0.11719918742091638, ""medium_momentum"": 0.12641367239222479, ""ridge"": 0.12744803330227145, ""risk_adjusted"": 0.12672721755844046, ""short_momentum"": 0.123554717681236, ""trend"": 0.1274543809615425, ""volume_momentum"": 0.12378990516949888}",0.020065370743201902,0.2504146876939873,-0.01996894138729683,0.027533721804643807,8046.TW,2014-01-22,2014-01-23
0.03995084434319301,2267000,0,0.0002182052191616969,0.0002182052191616969,0.050090359386517805,D-1 estimated accounting; fill-day constraints require ledger audit,adaptive,V4_CAUSAL_7_EXPERTS_RIDGE_ANCHOR20,disabled,2014-01-23,risk_on,0.014092728128976334,-0.0018692030595556242,0.02092050209205043,0.4186046511627907,0.078758354236377,0.6201550387596899,0.751937984496124,2014-01-06,2014-01-07,"{""long_momentum"": 0.1274128855138695, ""mean_reversion"": 0.11719918742091638, ""medium_momentum"": 0.12641367239222479, ""ridge"": 0.12744803330227145, ""risk_adjusted"": 0.12672721755844046, ""short_momentum"": 0.123554717681236, ""trend"": 0.1274543809615425, ""volume_momentum"": 0.12378990516949888}",0.020105455309691725,0.24308573610990009,-0.020897737567471292,0.0272229855200671,1519.TW,2014-01-23,2014-01-24
0.038697856413128735,1244000,0,-0.0018729871243523793,-0.0018729871243523793,0.12572198419450697,D-1 estimated accounting; fill-day constraints require ledger audit,adaptive,V4_CAUSAL_7_EXPERTS_RIDGE_ANCHOR20,disabled,2014-01-23,risk_on,0.014092728128976334,-0.0018692030595556242,0.02092050209205043,0.4186046511627907,0.078758354236377,0.6201550387596899,0.751937984496124,2014-01-06,2014-01-07,"{""long_momentum"": 0.1274128855138695, ""mean_reversion"": 0.11719918742091638, ""medium_momentum"": 0.12641367239222479, ""ridge"": 0.12744803330227145, ""risk_adjusted"": 0.12672721755844046, ""short_momentum"": 0.123554717681236, ""trend"": 0.1274543809615425, ""volume_momentum"": 0.12378990516949888}",0.02105017914891667,0.5107758541304281,-0.027048008156111965,0.02919087142167962,1802.TW,2014-01-23,2014-01-24
0.04073902785568543,1528000,0,0.0008604802659730751,0.0008604802659730751,0.08646856606149314,D-1 estimated accounting; fill-day constraints require ledger audit,adaptive,V4_CAUSAL_7_EXPERTS_RIDGE_ANCHOR20,disabled,2014-01-23,risk_on,0.014092728128976334,-0.0018692030595556242,0.02092050209205043,0.4186046511627907,0.078758354236377,0.6201550387596899,0.751937984496124,2014-01-06,2014-01-07,"{""long_momentum"": 0.1274128855138695, ""mean_reversion"": 0.11719918742091638, ""medium_momentum"": 0.12641367239222479, ""ridge"": 0.12744803330227145, ""risk_adjusted"": 0.12672721755844046, ""short_momentum"": 0.123554717681236, ""trend"": 0.1274543809615425, ""volume_momentum"": 0.12378990516949888}",0.019948244278274095,0.38079531061206867,-0.018644424504401052,0.02625422255061961,2002.TW,2014-01-23,2014-01-24
0.04610809910428898,871000,0,0.005445472758078282,0.005445472758078282,0.2559049017340553,D-1 estimated accounting; fill-day constraints require ledger audit,adaptive,V4_CAUSAL_7_EXPERTS_RIDGE_ANCHOR20,disabled,2014-01-23,risk_on,0.014092728128976334,-0.0018692030595556242,0.02092050209205043,0.4186046511627907,0.078758354236377,0.6201550387596899,0.751937984496124,2014-01-06,2014-01-07,"{""long_momentum"": 0.1274128855138695, ""mean_reversion"": 0.11719918742091638, ""medium_momentum"": 0.12641367239222479, ""ridge"": 0.12744803330227145, ""risk_adjusted"": 0.12672721755844046, ""short_momentum"": 0.123554717681236, ""trend"": 0.1274543809615425, ""volume_momentum"": 0.12378990516949888}",0.020285856846965038,0.7528905646375279,-0.016771126284854956,0.03355090931528393,2347.TW,2014-01-23,2014-01-24
0.04183802265076614,5733000,0,0.001090792984393599,0.001090792984393599,0.146023562470715,D-1 estimated accounting; fill-day constraints require ledger audit,adaptive,V4_CAUSAL_7_EXPERTS_RIDGE_ANCHOR20,disabled,2014-01-23,risk_on,0.014092728128976334,-0.0018692030595556242,0.02092050209205043,0.4186046511627907,0.078758354236377,0.6201550387596899,0.751937984496124,2014-01-06,2014-01-07,"{""long_momentum"": 0.1274128855138695, ""mean_reversion"": 0.11719918742091638, ""medium_momentum"": 0.12641367239222479, ""ridge"": 0.12744803330227145, ""risk_adjusted"": 0.12672721755844046, ""short_momentum"": 0.123554717681236, ""trend"": 0.1274543809615425, ""volume_momentum"": 0.12378990516949888}",0.020149642588692146,0.6291006594680291,-0.020330517239703475,0.02840094072276308,2368.TW,2014-01-23,2014-01-24
0.03913266378855715,199000,0,-0.0006006973396290981,-0.0006006973396290981,0.10916214962944137,D-1 estimated accounting; fill-day constraints require ledger audit,adaptive,V4_CAUSAL_7_EXPERTS_RIDGE_ANCHOR20,disabled,2014-01-23,risk_on,0.014092728128976334,-0.0018692030595556242,0.02092050209205043,0.4186046511627907,0.078758354236377,0.6201550387596899,0.751937984496124,2014-01-06,2014-01-07,"{""long_momentum"": 0.1274128855138695, ""mean_reversion"": 0.11719918742091638, ""medium_momentum"": 0.12641367239222479, ""ridge"": 0.12744803330227145, ""risk_adjusted"": 0.12672721755844046, ""short_momentum"": 0.123554717681236, ""trend"": 0.1274543809615425, ""volume_momentum"": 0.12378990516949888}",0.01995312487807594,0.49806479360978895,-0.020187447538234683,0.024874890373248894,2395.TW,2014-01-23,2014-01-24
0.03964319248284712,4335000,0,-0.0008281540659435992,-0.0008281540659435992,0.1708499736028087,D-1 estimated accounting; fill-day constraints require ledger audit,adaptive,V4_CAUSAL_7_EXPERTS_RIDGE_ANCHOR20,disabled,2014-01-23,risk_on,0.014092728128976334,-0.0018692030595556242,0.02092050209205043,0.4186046511627907,0.078758354236377,0.6201550387596899,0.751937984496124,2014-01-06,2014-01-07,"{""long_momentum"": 0.1274128855138695, ""mean_reversion"": 0.11719918742091638, ""medium_momentum"": 0.12641367239222479, ""ridge"": 0.12744803330227145, ""risk_adjusted"": 0.12672721755844046, ""short_momentum"": 0.123554717681236, ""trend"": 0.1274543809615425, ""volume_momentum"": 0.12378990516949888}",0.020288585260759134,0.765601625158167,-0.023059064717347245,0.027291594099732457,2409.TW,2014-01-23,2014-01-24
0.043019027662062934,2018000,0,0.0029384704907819094,0.0029384704907819094,0.21672242480049458,D-1 estimated accounting; fill-day constraints require ledger audit,adaptive,V4_CAUSAL_7_EXPERTS_RIDGE_ANCHOR20,disabled,2014-01-23,risk_on,0.014092728128976334,-0.0018692030595556242,0.02092050209205043,0.4186046511627907,0.078758354236377,0.6201550387596899,0.751937984496124,2014-01-06,2014-01-07,"{""long_momentum"": 0.1274128855138695, ""mean_reversion"": 0.11719918742091638, ""medium_momentum"": 0.12641367239222479, ""ridge"": 0.12744803330227145, ""risk_adjusted"": 0.12672721755844046, ""short_momentum"": 0.123554717681236, ""trend"": 0.1274543809615425, ""volume_momentum"": 0.12378990516949888}",0.02010526293739313,0.765601625158167,-0.01817607049911959,0.02994184899495582,2449.TW,2014-01-23,2014-01-24
0.039721698884822826,2958000,0,-0.0005273215712122885,-0.0005273215712122885,0.05718084990300422,D-1 estimated accounting; fill-day constraints require ledger audit,adaptive,V4_CAUSAL_7_EXPERTS_RIDGE_ANCHOR20,disabled,2014-01-23,risk_on,0.014092728128976334,-0.0018692030595556242,0.02092050209205043,0.4186046511627907,0.078758354236377,0.6201550387596899,0.751937984496124,2014-01-06,2014-01-07,"{""long_momentum"": 0.1274128855138695, ""mean_reversion"": 0.11719918742091638, ""medium_momentum"": 0.12641367239222479, ""ridge"": 0.12744803330227145, ""risk_adjusted"": 0.12672721755844046, ""short_momentum"": 0.123554717681236, ""trend"": 0.1274543809615425, ""volume_momentum"": 0.12378990516949888}",0.019959691765115337,0.26366641876795616,-0.020216316535775245,0.025050510907623075,2609.TW,2014-01-23,2014-01-24
0.03969220096151706,2318000,0,0.00014460920163778166,0.00014460920163778166,0.051749265349183206,D-1 estimated accounting; fill-day constraints require ledger audit,adaptive,V4_CAUSAL_7_EXPERTS_RIDGE_ANCHOR20,disabled,2014-01-23,risk_on,0.014092728128976334,-0.0018692030595556242,0.02092050209205043,0.4186046511627907,0.078758354236377,0.6201550387596899,0.751937984496124,2014-01-06,2014-01-07,"{""long_momentum"": 0.1274128855138695, ""mean_reversion"": 0.11719918742091638, ""medium_momentum"": 0.12641367239222479, ""ridge"": 0.12744803330227145, ""risk_adjusted"": 0.12672721755844046, ""short_momentum"": 0.123554717681236, ""trend"": 0.1274543809615425, ""volume_momentum"": 0.12378990516949888}",0.019955814216595757,0.25248340951408066,-0.019485002134289962,0.02566305805183794,2885.TW,2014-01-23,2014-01-24
0.04242525093683948,2033000,0,0.0003252904681632049,0.0003252904681632049,0.054378201509520704,D-1 estimated accounting; fill-day constraints require ledger audit,adaptive,V4_CAUSAL_7_EXPERTS_RIDGE_ANCHOR20,disabled,2014-01-23,risk_on,0.014092728128976334,-0.0018692030595556242,0.02092050209205043,0.4186046511627907,0.078758354236377,0.6201550387596899,0.751937984496124,2014-01-06,2014-01-07,"{""long_momentum"": 0.1274128855138695, ""mean_reversion"": 0.11719918742091638, ""medium_momentum"": 0.12641367239222479, ""ridge"": 0.12744803330227145, ""risk_adjusted"": 0.12672721755844046, ""short_momentum"": 0.123554717681236, ""trend"": 0.1274543809615425, ""volume_momentum"": 0.12378990516949888}",0.020442774675556778,0.2631257482146265,-0.022645410965931402,0.029184829416530222,3017.TW,2014-01-23,2014-01-24
0.04016596456222491,1487000,0,-0.0009236729283560026,-0.0009236729283560026,0.1165312055945869,D-1 estimated accounting; fill-day constraints require ledger audit,adaptive,V4_CAUSAL_7_EXPERTS_RIDGE_ANCHOR20,disabled,2014-01-23,risk_on,0.014092728128976334,-0.0018692030595556242,0.02092050209205043,0.4186046511627907,0.078758354236377,0.6201550387596899,0.751937984496124,2014-01-06,2014-01-07,"{""long_momentum"": 0.1274128855138695, ""mean_reversion"": 0.11719918742091638, ""medium_momentum"": 0.12641367239222479, ""ridge"": 0.12744803330227145, ""risk_adjusted"": 0.12672721755844046, ""short_momentum"": 0.123554717681236, ""trend"": 0.1274543809615425, ""volume_momentum"": 0.12378990516949888}",0.02004078083432677,0.5107758541304281,-0.021520367577512398,0.0255618592350728,3105.TWO,2014-01-23,2014-01-24
0.03769944404621348,410000,0,-0.000950159876466722,-0.000950159876466722,0.2299646970052393,D-1 estimated accounting; fill-day constraints require ledger audit,adaptive,V4_CAUSAL_7_EXPERTS_RIDGE_ANCHOR20,disabled,2014-01-23,risk_on,0.014092728128976334,-0.0018692030595556242,0.02092050209205043,0.4186046511627907,0.078758354236377,0.6201550387596899,0.751937984496124,2014-01-06,2014-01-07,"{""long_momentum"": 0.1274128855138695, ""mean_reversion"": 0.11719918742091638, ""medium_momentum"": 0.12641367239222479, ""ridge"": 0.12744803330227145, ""risk_adjusted"": 0.12672721755844046, ""short_momentum"": 0.123554717681236, ""trend"": 0.1274543809615425, ""volume_momentum"": 0.12378990516949888}",0.019924071924996085,0.9999999999999998,-0.019902843189911132,0.0238913609512501,3163.TWO,2014-01-23,2014-01-24
0.04190452025350772,711000,0,0.0006786872391810278,0.0006786872391810278,0.0005321635353592267,D-1 estimated accounting; fill-day constraints require ledger audit,adaptive,V4_CAUSAL_7_EXPERTS_RIDGE_ANCHOR20,disabled,2014-01-23,risk_on,0.014092728128976334,-0.0018692030595556242,0.02092050209205043,0.4186046511627907,0.078758354236377,0.6201550387596899,0.751937984496124,2014-01-06,2014-01-07,"{""long_momentum"": 0.1274128855138695, ""mean_reversion"": 0.11719918742091638, ""medium_momentum"": 0.12641367239222479, ""ridge"": 0.12744803330227145, ""risk_adjusted"": 0.12672721755844046, ""short_momentum"": 0.123554717681236, ""trend"": 0.1274543809615425, ""volume_momentum"": 0.12378990516949888}",0.02006664125815628,0.0024126570904622613,-0.020138606071677497,0.02738481806431196,3293.TWO,2014-01-23,2014-01-24
0.0440135968139282,511000,0,0.0020491424647294753,0.0020491424647294753,0.06498815556822533,D-1 estimated accounting; fill-day constraints require ledger audit,adaptive,V4_CAUSAL_7_EXPERTS_RIDGE_ANCHOR20,disabled,2014-01-23,risk_on,0.014092728128976334,-0.0018692030595556242,0.02092050209205043,0.4186046511627907,0.078758354236377,0.6201550387596899,0.751937984496124,2014-01-06,2014-01-07,"{""long_momentum"": 0.1274128855138695, ""mean_reversion"": 0.11719918742091638, ""medium_momentum"": 0.12641367239222479, ""ridge"": 0.12744803330227145, ""risk_adjusted"": 0.12672721755844046, ""short_momentum"": 0.123554717681236, ""trend"": 0.1274543809615425, ""volume_momentum"": 0.12378990516949888}",0.020112865648618476,0.2504146876939873,-0.019120277068420514,0.029107399512151872,3653.TW,2014-01-23,2014-01-24
0.04161363379491887,763000,0,0.000570782719032289,0.000570782719032289,0.05735838184332779,D-1 estimated accounting; fill-day constraints require ledger audit,adaptive,V4_CAUSAL_7_EXPERTS_RIDGE_ANCHOR20,disabled,2014-01-23,risk_on,0.014092728128976334,-0.0018692030595556242,0.02092050209205043,0.4186046511627907,0.078758354236377,0.6201550387596899,0.751937984496124,2014-01-06,2014-01-07,"{""long_momentum"": 0.1274128855138695, ""mean_reversion"": 0.11719918742091638, ""medium_momentum"": 0.12641367239222479, ""ridge"": 0.12744803330227145, ""risk_adjusted"": 0.12672721755844046, ""short_momentum"": 0.123554717681236, ""trend"": 0.1274543809615425, ""volume_momentum"": 0.12378990516949888}",0.01998461692753207,0.2631257482146265,-0.019450323958824026,0.02648072691116101,3680.TWO,2014-01-23,2014-01-24
0.04114011975362984,176000,0,0.0024721806238652104,0.0024721806238652104,0.13181793265617925,D-1 estimated accounting; fill-day constraints require ledger audit,adaptive,V4_CAUSAL_7_EXPERTS_RIDGE_ANCHOR20,disabled,2014-01-23,risk_on,0.014092728128976334,-0.0018692030595556242,0.02092050209205043,0.4186046511627907,0.078758354236377,0.6201550387596899,0.751937984496124,2014-01-06,2014-01-07,"{""long_momentum"": 0.1274128855138695, ""mean_reversion"": 0.11719918742091638, ""medium_momentum"": 0.12641367239222479, ""ridge"": 0.12744803330227145, ""risk_adjusted"": 0.12672721755844046, ""short_momentum"": 0.123554717681236, ""trend"": 0.1274543809615425, ""volume_momentum"": 0.12378990516949888}",0.021171670415344623,0.5053107542985302,-0.023069132798554777,0.03390233156055761,4966.TWO,2014-01-23,2014-01-24
0.03782097948318394,935000,0,-0.0008486875948962767,-0.0008486875948962767,0.056592539717002434,D-1 estimated accounting; fill-day constraints require ledger audit,adaptive,V4_CAUSAL_7_EXPERTS_RIDGE_ANCHOR20,disabled,2014-01-23,risk_on,0.014092728128976334,-0.0018692030595556242,0.02092050209205043,0.4186046511627907,0.078758354236377,0.6201550387596899,0.751937984496124,2014-01-06,2014-01-07,"{""long_momentum"": 0.1274128855138695, ""mean_reversion"": 0.11719918742091638, ""medium_momentum"": 0.12641367239222479, ""ridge"": 0.12744803330227145, ""risk_adjusted"": 0.12672721755844046, ""short_momentum"": 0.123554717681236, ""trend"": 0.1274543809615425, ""volume_momentum"": 0.12378990516949888}",0.020595803968321544,0.2558797875258853,-0.0244559483374727,0.02864741066195256,4979.TWO,2014-01-23,2014-01-24
0.04815553448825832,813000,0,0.004294964306879732,0.004294964306879732,0.08247692357431832,D-1 estimated accounting; fill-day constraints require ledger audit,adaptive,V4_CAUSAL_7_EXPERTS_RIDGE_ANCHOR20,disabled,2014-01-23,risk_on,0.014092728128976334,-0.0018692030595556242,0.02092050209205043,0.4186046511627907,0.078758354236377,0.6201550387596899,0.751937984496124,2014-01-06,2014-01-07,"{""long_momentum"": 0.1274128855138695, ""mean_reversion"": 0.11719918742091638, ""medium_momentum"": 0.12641367239222479, ""ridge"": 0.12744803330227145, ""risk_adjusted"": 0.12672721755844046, ""short_momentum"": 0.123554717681236, ""trend"": 0.1274543809615425, ""volume_momentum"": 0.12378990516949888}",0.020358717376241783,0.2631257482146265,-0.018287819967828613,0.03276658609586049,5483.TWO,2014-01-23,2014-01-24
0.04984125845057471,1802000,0,0.0047270083684150125,0.0047270083684150125,0.1604145089158005,D-1 estimated accounting; fill-day constraints require ledger audit,adaptive,V4_CAUSAL_7_EXPERTS_RIDGE_ANCHOR20,disabled,2014-01-23,risk_on,0.014092728128976334,-0.0018692030595556242,0.02092050209205043,0.4186046511627907,0.078758354236377,0.6201550387596899,0.751937984496124,2014-01-06,2014-01-07,"{""long_momentum"": 0.1274128855138695, ""mean_reversion"": 0.11719918742091638, ""medium_momentum"": 0.12641367239222479, ""ridge"": 0.12744803330227145, ""risk_adjusted"": 0.12672721755844046, ""short_momentum"": 0.123554717681236, ""trend"": 0.1274543809615425, ""volume_momentum"": 0.12378990516949888}",0.02046974055741956,0.49799449803298507,-0.01836172256049528,0.03370457681159771,6274.TWO,2014-01-23,2014-01-24
0.042943286378447874,1525000,0,0.00200352215402575,0.00200352215402575,0.12884797567138448,D-1 estimated accounting; fill-day constraints require ledger audit,adaptive,V4_CAUSAL_7_EXPERTS_RIDGE_ANCHOR20,disabled,2014-01-23,risk_on,0.014092728128976334,-0.0018692030595556242,0.02092050209205043,0.4186046511627907,0.078758354236377,0.6201550387596899,0.751937984496124,2014-01-06,2014-01-07,"{""long_momentum"": 0.1274128855138695, ""mean_reversion"": 0.11719918742091638, ""medium_momentum"": 0.12641367239222479, ""ridge"": 0.12744803330227145, ""risk_adjusted"": 0.12672721755844046, ""short_momentum"": 0.123554717681236, ""trend"": 0.1274543809615425, ""volume_momentum"": 0.12378990516949888}",0.02006493182349003,0.49799449803298507,-0.01879979450475391,0.028695676327077823,6290.TWO,2014-01-23,2014-01-24
0.04131016954162096,1106000,0,0.000666645963526704,0.000666645963526704,0.11150986540175703,D-1 estimated accounting; fill-day constraints require ledger audit,adaptive,V4_CAUSAL_7_EXPERTS_RIDGE_ANCHOR20,disabled,2014-01-23,risk_on,0.014092728128976334,-0.0018692030595556242,0.02092050209205043,0.4186046511627907,0.078758354236377,0.6201550387596899,0.751937984496124,2014-01-06,2014-01-07,"{""long_momentum"": 0.1274128855138695, ""mean_reversion"": 0.11719918742091638, ""medium_momentum"": 0.12641367239222479, ""ridge"": 0.12744803330227145, ""risk_adjusted"": 0.12672721755844046, ""short_momentum"": 0.123554717681236, ""trend"": 0.1274543809615425, ""volume_momentum"": 0.12378990516949888}",0.020011953287363278,0.5053107542985302,-0.019655573536181133,0.02687770297750695,8046.TW,2014-01-23,2014-01-24
0.04093032298802955,2267000,0,0.00025347105472531446,0.00025347105472531446,0.10624947467917015,D-1 estimated accounting; fill-day constraints require ledger audit,adaptive,V4_CAUSAL_7_EXPERTS_RIDGE_ANCHOR20,disabled,2014-01-24,risk_on,0.014537655892771234,-2.220446049250313e-16,0.018404907975459794,0.4573643410852713,0.07823677416015902,0.6046511627906976,0.7131782945736435,2014-01-06,2014-01-07,"{""long_momentum"": 0.1274128855138695, ""mean_reversion"": 0.11719918742091638, ""medium_momentum"": 0.12641367239222479, ""ridge"": 0.12744803330227145, ""risk_adjusted"": 0.12672721755844046, ""short_momentum"": 0.123554717681236, ""trend"": 0.1274543809615425, ""volume_momentum"": 0.12378990516949888}",0.019998200800126483,0.5107055585536242,-0.019923446910056354,0.02631922653377939,1519.TW,2014-01-24,2014-01-27
0.03831410166921733,1244000,0,-0.002461837424417991,-0.002461837424417991,0.1337383878670851,D-1 estimated accounting; fill-day constraints require ledger audit,adaptive,V4_CAUSAL_7_EXPERTS_RIDGE_ANCHOR20,disabled,2014-01-24,risk_on,0.014537655892771234,-2.220446049250313e-16,0.018404907975459794,0.4573643410852713,0.07823677416015902,0.6046511627906976,0.7131782945736435,2014-01-06,2014-01-07,"{""long_momentum"": 0.1274128855138695, ""mean_reversion"": 0.11719918742091638, ""medium_momentum"": 0.12641367239222479, ""ridge"": 0.12744803330227145, ""risk_adjusted"": 0.12672721755844046, ""short_momentum"": 0.123554717681236, ""trend"": 0.1274543809615425, ""volume_momentum"": 0.12378990516949888}",0.02103653499223886,0.5107758541304281,-0.0275946212586166,0.028559783924053027,1802.TW,2014-01-24,2014-01-27
0.041079543423178856,1528000,0,0.000854872236218924,0.000854872236218924,0.11584352163737305,D-1 estimated accounting; fill-day constraints require ledger audit,adaptive,V4_CAUSAL_7_EXPERTS_RIDGE_ANCHOR20,disabled,2014-01-24,risk_on,0.014537655892771234,-2.220446049250313e-16,0.018404907975459794,0.4573643410852713,0.07823677416015902,0.6046511627906976,0.7131782945736435,2014-01-06,2014-01-07,"{""long_momentum"": 0.1274128855138695, ""mean_reversion"": 0.11719918742091638, ""medium_momentum"": 0.12641367239222479, ""ridge"": 0.12744803330227145, ""risk_adjusted"": 0.12672721755844046, ""short_momentum"": 0.123554717681236, ""trend"": 0.1274543809615425, ""volume_momentum"": 0.12378990516949888}",0.019956806771764823,0.5107055585536242,-0.018790199263051408,0.026388781249761663,2002.TW,2014-01-24,2014-01-27
0.04710657484971829,871000,0,0.006244990369905412,0.006244990369905412,0.35474450780164346,D-1 estimated accounting; fill-day constraints require ledger audit,adaptive,V4_CAUSAL_7_EXPERTS_RIDGE_ANCHOR20,disabled,2014-01-24,risk_on,0.014537655892771234,-2.220446049250313e-16,0.018404907975459794,0.4573643410852713,0.07823677416015902,0.6046511627906976,0.7131782945736435,2014-01-06,2014-01-07,"{""long_momentum"": 0.1274128855138695, ""mean_reversion"": 0.11719918742091638, ""medium_momentum"": 0.12641367239222479, ""ridge"": 0.12744803330227145, ""risk_adjusted"": 0.12672721755844046, ""short_momentum"": 0.123554717681236, ""trend"": 0.1274543809615425, ""volume_momentum"": 0.12378990516949888}",0.020453852381997265,0.9999999999999998,-0.016774540785991637,0.03515335904007487,2347.TW,2014-01-24,2014-01-27
0.043122750248413715,5733000,0,0.0009326561896799828,0.0009326561896799828,0.11736193267935768,D-1 estimated accounting; fill-day constraints require ledger audit,adaptive,V4_CAUSAL_7_EXPERTS_RIDGE_ANCHOR20,disabled,2014-01-24,risk_on,0.014537655892771234,-2.220446049250313e-16,0.018404907975459794,0.4573643410852713,0.07823677416015902,0.6046511627906976,0.7131782945736435,2014-01-06,2014-01-07,"{""long_momentum"": 0.1274128855138695, ""mean_reversion"": 0.11719918742091638, ""medium_momentum"": 0.12641367239222479, ""ridge"": 0.12744803330227145, ""risk_adjusted"": 0.12672721755844046, ""short_momentum"": 0.123554717681236, ""trend"": 0.1274543809615425, ""volume_momentum"": 0.12378990516949888}",0.020253392863146695,0.5180218148191693,-0.021109549734004942,0.02886369962763732,2368.TW,2014-01-24,2014-01-27
0.0391124510537762,199000,0,-0.00085391414370558,-0.00085391414370558,0.1691779739925477,D-1 estimated accounting; fill-day constraints require ledger audit,adaptive,V4_CAUSAL_7_EXPERTS_RIDGE_ANCHOR20,disabled,2014-01-24,risk_on,0.014537655892771234,-2.220446049250313e-16,0.018404907975459794,0.4573643410852713,0.07823677416015902,0.6046511627906976,0.7131782945736435,2014-01-06,2014-01-07,"{""long_momentum"": 0.1274128855138695, ""mean_reversion"": 0.11719918742091638, ""medium_momentum"": 0.12641367239222479, ""ridge"": 0.12744803330227145, ""risk_adjusted"": 0.12672721755844046, ""short_momentum"": 0.123554717681236, ""trend"": 0.1274543809615425, ""volume_momentum"": 0.12378990516949888}",0.01993068331635015,0.7451742289722609,-0.01999704554579479,0.02417805477265604,2395.TW,2014-01-24,2014-01-27
0.04004277728892529,4335000,0,-0.0010318373408579218,-0.0010318373408579218,0.1184724282819103,D-1 estimated accounting; fill-day constraints require ledger audit,adaptive,V4_CAUSAL_7_EXPERTS_RIDGE_ANCHOR20,disabled,2014-01-24,risk_on,0.014537655892771234,-2.220446049250313e-16,0.018404907975459794,0.4573643410852713,0.07823677416015902,0.6046511627906976,0.7131782945736435,2014-01-06,2014-01-07,"{""long_momentum"": 0.1274128855138695, ""mean_reversion"": 0.11719918742091638, ""medium_momentum"": 0.12641367239222479, ""ridge"": 0.12744803330227145, ""risk_adjusted"": 0.12672721755844046, ""short_momentum"": 0.123554717681236, ""trend"": 0.1274543809615425, ""volume_momentum"": 0.12378990516949888}",0.019969932884846282,0.5107055585536242,-0.020866295131072438,0.024691457963629003,2409.TW,2014-01-24,2014-01-27
0.04341916039706462,2018000,0,0.002993332106352685,0.002993332106352685,0.21453343227466262,D-1 estimated accounting; fill-day constraints require ledger audit,adaptive,V4_CAUSAL_7_EXPERTS_RIDGE_ANCHOR20,disabled,2014-01-24,risk_on,0.014537655892771234,-2.220446049250313e-16,0.018404907975459794,0.4573643410852713,0.07823677416015902,0.6046511627906976,0.7131782945736435,2014-01-06,2014-01-07,"{""long_momentum"": 0.1274128855138695, ""mean_reversion"": 0.11719918742091638, ""medium_momentum"": 0.12641367239222479, ""ridge"": 0.12744803330227145, ""risk_adjusted"": 0.12672721755844046, ""short_momentum"": 0.123554717681236, ""trend"": 0.1274543809615425, ""volume_momentum"": 0.12378990516949888}",0.02005872606974689,0.7528905646375279,-0.01775857021415042,0.0296340719411282,2449.TW,2014-01-24,2014-01-27
0.03975591403908232,2958000,0,-0.0008780069766158591,-0.0008780069766158591,0.11606668873217761,D-1 estimated accounting; fill-day constraints require ledger audit,adaptive,V4_CAUSAL_7_EXPERTS_RIDGE_ANCHOR20,disabled,2014-01-24,risk_on,0.014537655892771234,-2.220446049250313e-16,0.018404907975459794,0.4573643410852713,0.07823677416015902,0.6046511627906976,0.7131782945736435,2014-01-06,2014-01-07,"{""long_momentum"": 0.1274128855138695, ""mean_reversion"": 0.11719918742091638, ""medium_momentum"": 0.12641367239222479, ""ridge"": 0.12744803330227145, ""risk_adjusted"": 0.12672721755844046, ""short_momentum"": 0.123554717681236, ""trend"": 0.1274543809615425, ""volume_momentum"": 0.12378990516949888}",0.01998939793396491,0.5107758541304281,-0.020955550160657543,0.025088373721698237,2609.TW,2014-01-24,2014-01-27
0.03975837096156965,2318000,0,1.0447307632797075e-06,1.0447307632797075e-06,0.050927916072750476,D-1 estimated accounting; fill-day constraints require ledger audit,adaptive,V4_CAUSAL_7_EXPERTS_RIDGE_ANCHOR20,disabled,2014-01-24,risk_on,0.014537655892771234,-2.220446049250313e-16,0.018404907975459794,0.4573643410852713,0.07823677416015902,0.6046511627906976,0.7131782945736435,2014-01-06,2014-01-07,"{""long_momentum"": 0.1274128855138695, ""mean_reversion"": 0.11719918742091638, ""medium_momentum"": 0.12641367239222479, ""ridge"": 0.12744803330227145, ""risk_adjusted"": 0.12672721755844046, ""short_momentum"": 0.123554717681236, ""trend"": 0.1274543809615425, ""volume_momentum"": 0.12378990516949888}",0.02012596540032385,0.2558797875258853,-0.02126054851577094,0.027151475491569908,2885.TW,2014-01-24,2014-01-27
0.04190649840526887,2033000,0,0.0008254957337686436,0.0008254957337686436,0.1155532478275446,D-1 estimated accounting; fill-day constraints require ledger audit,adaptive,V4_CAUSAL_7_EXPERTS_RIDGE_ANCHOR20,disabled,2014-01-24,risk_on,0.014537655892771234,-2.220446049250313e-16,0.018404907975459794,0.4573643410852713,0.07823677416015902,0.6046511627906976,0.7131782945736435,2014-01-06,2014-01-07,"{""long_momentum"": 0.1274128855138695, ""mean_reversion"": 0.11719918742091638, ""medium_momentum"": 0.12641367239222479, ""ridge"": 0.12744803330227145, ""risk_adjusted"": 0.12672721755844046, ""short_momentum"": 0.123554717681236, ""trend"": 0.1274543809615425, ""volume_momentum"": 0.12378990516949888}",0.019969623086771474,0.5116662845588498,-0.01900477125392976,0.026544600235739454,3017.TW,2014-01-24,2014-01-27
0.04035056449293083,1487000,0,-0.0011927664970813692,-0.0011927664970813692,0.12049758046907694,D-1 estimated accounting; fill-day constraints require ledger audit,adaptive,V4_CAUSAL_7_EXPERTS_RIDGE_ANCHOR20,disabled,2014-01-24,risk_on,0.014537655892771234,-2.220446049250313e-16,0.018404907975459794,0.4573643410852713,0.07823677416015902,0.6046511627906976,0.7131782945736435,2014-01-06,2014-01-07,"{""long_momentum"": 0.1274128855138695, ""mean_reversion"": 0.11719918742091638, ""medium_momentum"": 0.12641367239222479, ""ridge"": 0.12744803330227145, ""risk_adjusted"": 0.12672721755844046, ""short_momentum"": 0.123554717681236, ""trend"": 0.1274543809615425, ""volume_momentum"": 0.12378990516949888}",0.020057682554788018,0.5107758541304281,-0.021935916174569303,0.025439220694678973,3105.TWO,2014-01-24,2014-01-27
0.037502214140340474,410000,0,-0.0010219686740310225,-0.0010219686740310225,0.17722510680718906,D-1 estimated accounting; fill-day constraints require ledger audit,adaptive,V4_CAUSAL_7_EXPERTS_RIDGE_ANCHOR20,disabled,2014-01-24,risk_on,0.014537655892771234,-2.220446049250313e-16,0.018404907975459794,0.4573643410852713,0.07823677416015902,0.6046511627906976,0.7131782945736435,2014-01-06,2014-01-07,"{""long_momentum"": 0.1274128855138695, ""mean_reversion"": 0.11719918742091638, ""medium_momentum"": 0.12641367239222479, ""ridge"": 0.12744803330227145, ""risk_adjusted"": 0.12672721755844046, ""short_momentum"": 0.123554717681236, ""trend"": 0.1274543809615425, ""volume_momentum"": 0.12378990516949888}",0.019992567790633714,0.765601625158167,-0.021135938383601616,0.02498083854981198,3163.TWO,2014-01-24,2014-01-27
0.04102684494288923,711000,0,-0.0004433728246536233,-0.0004433728246536233,0.10724107198142073,D-1 estimated accounting; fill-day constraints require ledger audit,adaptive,V4_CAUSAL_7_EXPERTS_RIDGE_ANCHOR20,disabled,2014-01-24,risk_on,0.014537655892771234,-2.220446049250313e-16,0.018404907975459794,0.4573643410852713,0.07823677416015902,0.6046511627906976,0.7131782945736435,2014-01-06,2014-01-07,"{""long_momentum"": 0.1274128855138695, ""mean_reversion"": 0.11719918742091638, ""medium_momentum"": 0.12641367239222479, ""ridge"": 0.12744803330227145, ""risk_adjusted"": 0.12672721755844046, ""short_momentum"": 0.123554717681236, ""trend"": 0.1274543809615425, ""volume_momentum"": 0.12378990516949888}",0.020482733213753976,0.5107758541304281,-0.02358798828044853,0.028590080145413692,3293.TWO,2014-01-24,2014-01-27
0.04360034589518694,511000,0,0.0014529231931345579,0.0014529231931345579,0.060734688004614824,D-1 estimated accounting; fill-day constraints require ledger audit,adaptive,V4_CAUSAL_7_EXPERTS_RIDGE_ANCHOR20,disabled,2014-01-24,risk_on,0.014537655892771234,-2.220446049250313e-16,0.018404907975459794,0.4573643410852713,0.07823677416015902,0.6046511627906976,0.7131782945736435,2014-01-06,2014-01-07,"{""long_momentum"": 0.1274128855138695, ""mean_reversion"": 0.11719918742091638, ""medium_momentum"": 0.12641367239222479, ""ridge"": 0.12744803330227145, ""risk_adjusted"": 0.12672721755844046, ""short_momentum"": 0.123554717681236, ""trend"": 0.1274543809615425, ""volume_momentum"": 0.12378990516949888}",0.020153070831224234,0.2504146876939873,-0.019990843002824443,0.02878552690336597,3653.TW,2014-01-24,2014-01-27
0.041651755656352187,763000,0,0.00020235323148144898,0.00020235323148144898,0.05056006118078975,D-1 estimated accounting; fill-day constraints require ledger audit,adaptive,V4_CAUSAL_7_EXPERTS_RIDGE_ANCHOR20,disabled,2014-01-24,risk_on,0.014537655892771234,-2.220446049250313e-16,0.018404907975459794,0.4573643410852713,0.07823677416015902,0.6046511627906976,0.7131782945736435,2014-01-06,2014-01-07,"{""long_momentum"": 0.1274128855138695, ""mean_reversion"": 0.11719918742091638, ""medium_momentum"": 0.12641367239222479, ""ridge"": 0.12744803330227145, ""risk_adjusted"": 0.12672721755844046, ""short_momentum"": 0.123554717681236, ""trend"": 0.1274543809615425, ""volume_momentum"": 0.12378990516949888}",0.019975604339111136,0.24469677827200975,-0.019706839011243437,0.026000382988478742,3680.TWO,2014-01-24,2014-01-27
0.0407982007277411,176000,0,0.0004508666089726294,0.0004508666089726294,0.1586021023944573,D-1 estimated accounting; fill-day constraints require ledger audit,adaptive,V4_CAUSAL_7_EXPERTS_RIDGE_ANCHOR20,disabled,2014-01-24,risk_on,0.014537655892771234,-2.220446049250313e-16,0.018404907975459794,0.4573643410852713,0.07823677416015902,0.6046511627906976,0.7131782945736435,2014-01-06,2014-01-07,"{""long_momentum"": 0.1274128855138695, ""mean_reversion"": 0.11719918742091638, ""medium_momentum"": 0.12641367239222479, ""ridge"": 0.12744803330227145, ""risk_adjusted"": 0.12672721755844046, ""short_momentum"": 0.123554717681236, ""trend"": 0.1274543809615425, ""volume_momentum"": 0.12378990516949888}",0.020424616609947616,0.7528905646375279,-0.022438716463711383,0.029229287195929054,4966.TWO,2014-01-24,2014-01-27
0.03677521579046489,935000,0,-0.0031729609044376383,-0.0031729609044376383,0.143627610545722,D-1 estimated accounting; fill-day constraints require ledger audit,adaptive,V4_CAUSAL_7_EXPERTS_RIDGE_ANCHOR20,disabled,2014-01-24,risk_on,0.014537655892771234,-2.220446049250313e-16,0.018404907975459794,0.4573643410852713,0.07823677416015902,0.6046511627906976,0.7131782945736435,2014-01-06,2014-01-07,"{""long_momentum"": 0.1274128855138695, ""mean_reversion"": 0.11719918742091638, ""medium_momentum"": 0.12641367239222479, ""ridge"": 0.12744803330227145, ""risk_adjusted"": 0.12672721755844046, ""short_momentum"": 0.123554717681236, ""trend"": 0.1274543809615425, ""volume_momentum"": 0.12378990516949888}",0.020892140651434982,0.5107758541304281,-0.027843263359211064,0.027386179064608197,4979.TWO,2014-01-24,2014-01-27
0.04756105536860044,813000,0,0.0028925949271622867,0.0028925949271622867,0.07010738904269147,D-1 estimated accounting; fill-day constraints require ledger audit,adaptive,V4_CAUSAL_7_EXPERTS_RIDGE_ANCHOR20,disabled,2014-01-24,risk_on,0.014537655892771234,-2.220446049250313e-16,0.018404907975459794,0.4573643410852713,0.07823677416015902,0.6046511627906976,0.7131782945736435,2014-01-06,2014-01-07,"{""long_momentum"": 0.1274128855138695, ""mean_reversion"": 0.11719918742091638, ""medium_momentum"": 0.12641367239222479, ""ridge"": 0.12744803330227145, ""risk_adjusted"": 0.12672721755844046, ""short_momentum"": 0.123554717681236, ""trend"": 0.1274543809615425, ""volume_momentum"": 0.12378990516949888}",0.020298751531011506,0.2504146876939873,-0.019391199381551812,0.031065226750148795,5483.TWO,2014-01-24,2014-01-27
0.049708806752735264,1802000,0,0.003756512792425131,0.003756512792425131,0.14862475147044268,D-1 estimated accounting; fill-day constraints require ledger audit,adaptive,V4_CAUSAL_7_EXPERTS_RIDGE_ANCHOR20,disabled,2014-01-24,risk_on,0.014537655892771234,-2.220446049250313e-16,0.018404907975459794,0.4573643410852713,0.07823677416015902,0.6046511627906976,0.7131782945736435,2014-01-06,2014-01-07,"{""long_momentum"": 0.1274128855138695, ""mean_reversion"": 0.11719918742091638, ""medium_momentum"": 0.12641367239222479, ""ridge"": 0.12744803330227145, ""risk_adjusted"": 0.12672721755844046, ""short_momentum"": 0.123554717681236, ""trend"": 0.1274543809615425, ""volume_momentum"": 0.12378990516949888}",0.020583789878832057,0.49799449803298507,-0.019803427230840356,0.03320529032996303,6274.TWO,2014-01-24,2014-01-27
0.04283468862209223,1525000,0,0.0015001848515739165,0.0015001848515739165,0.061356038153075346,D-1 estimated accounting; fill-day constraints require ledger audit,adaptive,V4_CAUSAL_7_EXPERTS_RIDGE_ANCHOR20,disabled,2014-01-24,risk_on,0.014537655892771234,-2.220446049250313e-16,0.018404907975459794,0.4573643410852713,0.07823677416015902,0.6046511627906976,0.7131782945736435,2014-01-06,2014-01-07,"{""long_momentum"": 0.1274128855138695, ""mean_reversion"": 0.11719918742091638, ""medium_momentum"": 0.12641367239222479, ""ridge"": 0.12744803330227145, ""risk_adjusted"": 0.12672721755844046, ""short_momentum"": 0.123554717681236, ""trend"": 0.1274543809615425, ""volume_momentum"": 0.12378990516949888}",0.020029262103574412,0.2504146876939873,-0.018991026863385024,0.02788023408080527,6290.TWO,2014-01-24,2014-01-27
0.040834252304647135,1106000,0,0.0002641536422695623,0.0002641536422695623,0.000502204054534234,D-1 estimated accounting; fill-day constraints require ledger audit,adaptive,V4_CAUSAL_7_EXPERTS_RIDGE_ANCHOR20,disabled,2014-01-24,risk_on,0.014537655892771234,-2.220446049250313e-16,0.018404907975459794,0.4573643410852713,0.07823677416015902,0.6046511627906976,0.7131782945736435,2014-01-06,2014-01-07,"{""long_momentum"": 0.1274128855138695, ""mean_reversion"": 0.11719918742091638, ""medium_momentum"": 0.12641367239222479, ""ridge"": 0.12744803330227145, ""risk_adjusted"": 0.12672721755844046, ""short_momentum"": 0.123554717681236, ""trend"": 0.1274543809615425, ""volume_momentum"": 0.12378990516949888}",0.020158635366251534,0.0024253524090043777,-0.02121572621542766,0.027632871014239196,8046.TW,2014-01-24,2014-01-27
0.04158015767226971,2267000,0,-0.00044747888024322923,-0.00044747888024322923,0.10947286770656142,D-1 estimated accounting; fill-day constraints require ledger audit,adaptive,V4_CAUSAL_7_EXPERTS_RIDGE_ANCHOR20,disabled,2014-01-27,neutral,0.01547877141623952,-0.023136246786632286,1.1102230246251565e-15,0.17829457364341086,0.07580714605762547,0.2713178294573643,0.4883720930232558,2014-01-06,2014-01-07,"{""long_momentum"": 0.1274128855138695, ""mean_reversion"": 0.11719918742091638, ""medium_momentum"": 0.12641367239222479, ""ridge"": 0.12744803330227145, ""risk_adjusted"": 0.12672721755844046, ""short_momentum"": 0.123554717681236, ""trend"": 0.1274543809615425, ""volume_momentum"": 0.12378990516949888}",0.019965738134413845,0.5107055585536242,-0.020224148528436847,0.025218028282222797,1519.TW,2014-01-27,2014-02-05
0.037907069744281874,1244000,0,-0.0041479538009497165,-0.0041479538009497165,0.1473491985828568,D-1 estimated accounting; fill-day constraints require ledger audit,adaptive,V4_CAUSAL_7_EXPERTS_RIDGE_ANCHOR20,disabled,2014-01-27,neutral,0.01547877141623952,-0.023136246786632286,1.1102230246251565e-15,0.17829457364341086,0.07580714605762547,0.2713178294573643,0.4883720930232558,2014-01-06,2014-01-07,"{""long_momentum"": 0.1274128855138695, ""mean_reversion"": 0.11719918742091638, ""medium_momentum"": 0.12641367239222479, ""ridge"": 0.12744803330227145, ""risk_adjusted"": 0.12672721755844046, ""short_momentum"": 0.123554717681236, ""trend"": 0.1274543809615425, ""volume_momentum"": 0.12378990516949888}",0.022558434156835373,0.5107055585536242,-0.033099846333827704,0.03069277624620068,1802.TW,2014-01-27,2014-02-05
0.04090475411236659,1528000,0,-0.0005166092316563537,-0.0005166092316563537,0.10927788558075116,D-1 estimated accounting; fill-day constraints require ledger audit,adaptive,V4_CAUSAL_7_EXPERTS_RIDGE_ANCHOR20,disabled,2014-01-27,neutral,0.01547877141623952,-0.023136246786632286,1.1102230246251565e-15,0.17829457364341086,0.07580714605762547,0.2713178294573643,0.4883720930232558,2014-01-06,2014-01-07,"{""long_momentum"": 0.1274128855138695, ""mean_reversion"": 0.11719918742091638, ""medium_momentum"": 0.12641367239222479, ""ridge"": 0.12744803330227145, ""risk_adjusted"": 0.12672721755844046, ""short_momentum"": 0.123554717681236, ""trend"": 0.1274543809615425, ""volume_momentum"": 0.12378990516949888}",0.020268578477899896,0.5107758541304281,-0.022641360564006334,0.027496979614966034,2002.TW,2014-01-27,2014-02-05
0.0460183588200109,871000,0,0.0038298417127882196,0.0038298417127882196,0.14422737978841293,D-1 estimated accounting; fill-day constraints require ledger audit,adaptive,V4_CAUSAL_7_EXPERTS_RIDGE_ANCHOR20,disabled,2014-01-27,neutral,0.01547877141623952,-0.023136246786632286,1.1102230246251565e-15,0.17829457364341086,0.07580714605762547,0.2713178294573643,0.4883720930232558,2014-01-06,2014-01-07,"{""long_momentum"": 0.1274128855138695, ""mean_reversion"": 0.11719918742091638, ""medium_momentum"": 0.12641367239222479, ""ridge"": 0.12744803330227145, ""risk_adjusted"": 0.12672721755844046, ""short_momentum"": 0.123554717681236, ""trend"": 0.1274543809615425, ""volume_momentum"": 0.12378990516949888}",0.02165821539482589,0.49799449803298507,-0.023038956875598843,0.03658747781544769,2347.TW,2014-01-27,2014-02-05
0.04293860796263748,5733000,0,6.645399670034122e-05,6.645399670034122e-05,0.0510294337771456,D-1 estimated accounting; fill-day constraints require ledger audit,adaptive,V4_CAUSAL_7_EXPERTS_RIDGE_ANCHOR20,disabled,2014-01-27,neutral,0.01547877141623952,-0.023136246786632286,1.1102230246251565e-15,0.17829457364341086,0.07580714605762547,0.2713178294573643,0.4883720930232558,2014-01-06,2014-01-07,"{""long_momentum"": 0.1274128855138695, ""mean_reversion"": 0.11719918742091638, ""medium_momentum"": 0.12641367239222479, ""ridge"": 0.12744803330227145, ""risk_adjusted"": 0.12672721755844046, ""short_momentum"": 0.123554717681236, ""trend"": 0.1274543809615425, ""volume_momentum"": 0.12378990516949888}",0.02000134481172094,0.25248340951408066,-0.020144676769316205,0.026166422276989298,2368.TW,2014-01-27,2014-02-05
0.03873515693653817,199000,0,-0.001874722376966458,-0.001874722376966458,0.06424102718227959,D-1 estimated accounting; fill-day constraints require ledger audit,adaptive,V4_CAUSAL_7_EXPERTS_RIDGE_ANCHOR20,disabled,2014-01-27,neutral,0.01547877141623952,-0.023136246786632286,1.1102230246251565e-15,0.17829457364341086,0.07580714605762547,0.2713178294573643,0.4883720930232558,2014-01-06,2014-01-07,"{""long_momentum"": 0.1274128855138695, ""mean_reversion"": 0.11719918742091638, ""medium_momentum"": 0.12641367239222479, ""ridge"": 0.12744803330227145, ""risk_adjusted"": 0.12672721755844046, ""short_momentum"": 0.123554717681236, ""trend"": 0.1274543809615425, ""volume_momentum"": 0.12378990516949888}",0.02050812902306318,0.2558797875258853,-0.02512682920110039,0.027266221961439886,2395.TW,2014-01-27,2014-02-05
0.04012957841201509,4335000,0,-0.0020211658642761057,-0.0020211658642761057,0.13210654781633085,D-1 estimated accounting; fill-day constraints require ledger audit,adaptive,V4_CAUSAL_7_EXPERTS_RIDGE_ANCHOR20,disabled,2014-01-27,neutral,0.01547877141623952,-0.023136246786632286,1.1102230246251565e-15,0.17829457364341086,0.07580714605762547,0.2713178294573643,0.4883720930232558,2014-01-06,2014-01-07,"{""long_momentum"": 0.1274128855138695, ""mean_reversion"": 0.11719918742091638, ""medium_momentum"": 0.12641367239222479, ""ridge"": 0.12744803330227145, ""risk_adjusted"": 0.12672721755844046, ""short_momentum"": 0.123554717681236, ""trend"": 0.1274543809615425, ""volume_momentum"": 0.12378990516949888}",0.020121685823878466,0.5107055585536242,-0.023252965139763146,0.02509947092548334,2409.TW,2014-01-27,2014-02-05
0.04354603969724439,2018000,0,0.00181213024759847,0.00181213024759847,0.18901512605084195,D-1 estimated accounting; fill-day constraints require ledger audit,adaptive,V4_CAUSAL_7_EXPERTS_RIDGE_ANCHOR20,disabled,2014-01-27,neutral,0.01547877141623952,-0.023136246786632286,1.1102230246251565e-15,0.17829457364341086,0.07580714605762547,0.2713178294573643,0.4883720930232558,2014-01-06,2014-01-07,"{""long_momentum"": 0.1274128855138695, ""mean_reversion"": 0.11719918742091638, ""medium_momentum"": 0.12641367239222479, ""ridge"": 0.12744803330227145, ""risk_adjusted"": 0.12672721755844046, ""short_momentum"": 0.123554717681236, ""trend"": 0.1274543809615425, ""volume_momentum"": 0.12378990516949888}",0.020322145699815577,0.7528905646375279,-0.020590830491142496,0.03010392850061185,2449.TW,2014-01-27,2014-02-05
0.03996666792980437,2958000,0,-0.0014782819730267914,-0.0014782819730267914,0.12226647313230894,D-1 estimated accounting; fill-day constraints require ledger audit,adaptive,V4_CAUSAL_7_EXPERTS_RIDGE_ANCHOR20,disabled,2014-01-27,neutral,0.01547877141623952,-0.023136246786632286,1.1102230246251565e-15,0.17829457364341086,0.07580714605762547,0.2713178294573643,0.4883720930232558,2014-01-06,2014-01-07,"{""long_momentum"": 0.1274128855138695, ""mean_reversion"": 0.11719918742091638, ""medium_momentum"": 0.12641367239222479, ""ridge"": 0.12744803330227145, ""risk_adjusted"": 0.12672721755844046, ""short_momentum"": 0.123554717681236, ""trend"": 0.1274543809615425, ""volume_momentum"": 0.12378990516949888}",0.020585146972778988,0.5107758541304281,-0.0250435874233556,0.027975860991574425,2609.TW,2014-01-27,2014-02-05
0.040133554093476534,2318000,0,-0.00022227518625587004,-0.00022227518625587004,0.05190521201866477,D-1 estimated accounting; fill-day constraints require ledger audit,adaptive,V4_CAUSAL_7_EXPERTS_RIDGE_ANCHOR20,disabled,2014-01-27,neutral,0.01547877141623952,-0.023136246786632286,1.1102230246251565e-15,0.17829457364341086,0.07580714605762547,0.2713178294573643,0.4883720930232558,2014-01-06,2014-01-07,"{""long_momentum"": 0.1274128855138695, ""mean_reversion"": 0.11719918742091638, ""medium_momentum"": 0.12641367239222479, ""ridge"": 0.12744803330227145, ""risk_adjusted"": 0.12672721755844046, ""short_momentum"": 0.123554717681236, ""trend"": 0.1274543809615425, ""volume_momentum"": 0.12378990516949888}",0.020522242812829456,0.2558797875258853,-0.023533168863199456,0.028977456004960128,2885.TW,2014-01-27,2014-02-05
0.04115390195382298,2033000,0,0.000453457966242882,0.000453457966242882,0.0004934656862069241,D-1 estimated accounting; fill-day constraints require ledger audit,adaptive,V4_CAUSAL_7_EXPERTS_RIDGE_ANCHOR20,disabled,2014-01-27,neutral,0.01547877141623952,-0.023136246786632286,1.1102230246251565e-15,0.17829457364341086,0.07580714605762547,0.2713178294573643,0.4883720930232558,2014-01-06,2014-01-07,"{""long_momentum"": 0.1274128855138695, ""mean_reversion"": 0.11719918742091638, ""medium_momentum"": 0.12641367239222479, ""ridge"": 0.12744803330227145, ""risk_adjusted"": 0.12672721755844046, ""short_momentum"": 0.123554717681236, ""trend"": 0.1274543809615425, ""volume_momentum"": 0.12378990516949888}",0.021349940497992013,0.0024253524090043777,-0.025597293000189897,0.03239304644694807,3017.TW,2014-01-27,2014-02-05
0.04049519214682643,1487000,0,-0.0018383998267122855,-0.0018383998267122855,0.12607282343094078,D-1 estimated accounting; fill-day constraints require ledger audit,adaptive,V4_CAUSAL_7_EXPERTS_RIDGE_ANCHOR20,disabled,2014-01-27,neutral,0.01547877141623952,-0.023136246786632286,1.1102230246251565e-15,0.17829457364341086,0.07580714605762547,0.2713178294573643,0.4883720930232558,2014-01-06,2014-01-07,"{""long_momentum"": 0.1274128855138695, ""mean_reversion"": 0.11719918742091638, ""medium_momentum"": 0.12641367239222479, ""ridge"": 0.12744803330227145, ""risk_adjusted"": 0.12672721755844046, ""short_momentum"": 0.123554717681236, ""trend"": 0.1274543809615425, ""volume_momentum"": 0.12378990516949888}",0.02086693283197643,0.5107758541304281,-0.02642478813741522,0.028636825998263057,3105.TWO,2014-01-27,2014-02-05
0.037279153490723756,410000,0,-0.0015761966657249643,-0.0015761966657249643,0.18462167404076257,D-1 estimated accounting; fill-day constraints require ledger audit,adaptive,V4_CAUSAL_7_EXPERTS_RIDGE_ANCHOR20,disabled,2014-01-27,neutral,0.01547877141623952,-0.023136246786632286,1.1102230246251565e-15,0.17829457364341086,0.07580714605762547,0.2713178294573643,0.4883720930232558,2014-01-06,2014-01-07,"{""long_momentum"": 0.1274128855138695, ""mean_reversion"": 0.11719918742091638, ""medium_momentum"": 0.12641367239222479, ""ridge"": 0.12744803330227145, ""risk_adjusted"": 0.12672721755844046, ""short_momentum"": 0.123554717681236, ""trend"": 0.1274543809615425, ""volume_momentum"": 0.12378990516949888}",0.02069441974915561,0.765601625158167,-0.025557825902526487,0.02829427008534897,3163.TWO,2014-01-27,2014-02-05
0.04085896186400902,711000,0,-0.0015841362622573659,-0.0015841362622573659,0.05891516573805078,D-1 estimated accounting; fill-day constraints require ledger audit,adaptive,V4_CAUSAL_7_EXPERTS_RIDGE_ANCHOR20,disabled,2014-01-27,neutral,0.01547877141623952,-0.023136246786632286,1.1102230246251565e-15,0.17829457364341086,0.07580714605762547,0.2713178294573643,0.4883720930232558,2014-01-06,2014-01-07,"{""long_momentum"": 0.1274128855138695, ""mean_reversion"": 0.11719918742091638, ""medium_momentum"": 0.12641367239222479, ""ridge"": 0.12744803330227145, ""risk_adjusted"": 0.12672721755844046, ""short_momentum"": 0.123554717681236, ""trend"": 0.1274543809615425, ""volume_momentum"": 0.12378990516949888}",0.02201202173411716,0.2558797875258853,-0.029316637259616536,0.032037202249374216,3293.TWO,2014-01-27,2014-02-05
0.04308837404063653,511000,0,0.00021718696639436676,0.00021718696639436676,0.04964404920487463,D-1 estimated accounting; fill-day constraints require ledger audit,adaptive,V4_CAUSAL_7_EXPERTS_RIDGE_ANCHOR20,disabled,2014-01-27,neutral,0.01547877141623952,-0.023136246786632286,1.1102230246251565e-15,0.17829457364341086,0.07580714605762547,0.2713178294573643,0.4883720930232558,2014-01-06,2014-01-07,"{""long_momentum"": 0.1274128855138695, ""mean_reversion"": 0.11719918742091638, ""medium_momentum"": 0.12641367239222479, ""ridge"": 0.12744803330227145, ""risk_adjusted"": 0.12672721755844046, ""short_momentum"": 0.123554717681236, ""trend"": 0.1274543809615425, ""volume_momentum"": 0.12378990516949888}",0.021316771774794095,0.25248340951408066,-0.025741047443833827,0.032064258890894974,3653.TW,2014-01-27,2014-02-05
0.04180583152886978,763000,0,2.6457873387473706e-05,2.6457873387473706e-05,0.05129637536496199,D-1 estimated accounting; fill-day constraints require ledger audit,adaptive,V4_CAUSAL_7_EXPERTS_RIDGE_ANCHOR20,disabled,2014-01-27,neutral,0.01547877141623952,-0.023136246786632286,1.1102230246251565e-15,0.17829457364341086,0.07580714605762547,0.2713178294573643,0.4883720930232558,2014-01-06,2014-01-07,"{""long_momentum"": 0.1274128855138695, ""mean_reversion"": 0.11719918742091638, ""medium_momentum"": 0.12641367239222479, ""ridge"": 0.12744803330227145, ""risk_adjusted"": 0.12672721755844046, ""short_momentum"": 0.123554717681236, ""trend"": 0.1274543809615425, ""volume_momentum"": 0.12378990516949888}",0.020188097022344004,0.25732141901354727,-0.021638220856104253,0.02757997411715161,3680.TWO,2014-01-27,2014-02-05
0.039165085280624345,176000,0,-0.0015545155392504364,-0.0015545155392504364,0.058523228778708275,D-1 estimated accounting; fill-day constraints require ledger audit,adaptive,V4_CAUSAL_7_EXPERTS_RIDGE_ANCHOR20,disabled,2014-01-27,neutral,0.01547877141623952,-0.023136246786632286,1.1102230246251565e-15,0.17829457364341086,0.07580714605762547,0.2713178294573643,0.4883720930232558,2014-01-06,2014-01-07,"{""long_momentum"": 0.1274128855138695, ""mean_reversion"": 0.11719918742091638, ""medium_momentum"": 0.12641367239222479, ""ridge"": 0.12744803330227145, ""risk_adjusted"": 0.12672721755844046, ""short_momentum"": 0.123554717681236, ""trend"": 0.1274543809615425, ""volume_momentum"": 0.12378990516949888}",0.022103644280678996,0.2558797875258853,-0.02950013576066532,0.03227994219643686,4966.TWO,2014-01-27,2014-02-05
0.03676002914072293,935000,0,-0.002969344849650604,-0.002969344849650604,0.20519132499570297,D-1 estimated accounting; fill-day constraints require ledger audit,adaptive,V4_CAUSAL_7_EXPERTS_RIDGE_ANCHOR20,disabled,2014-01-27,neutral,0.01547877141623952,-0.023136246786632286,1.1102230246251565e-15,0.17829457364341086,0.07580714605762547,0.2713178294573643,0.4883720930232558,2014-01-06,2014-01-07,"{""long_momentum"": 0.1274128855138695, ""mean_reversion"": 0.11719918742091638, ""medium_momentum"": 0.12641367239222479, ""ridge"": 0.12744803330227145, ""risk_adjusted"": 0.12672721755844046, ""short_momentum"": 0.123554717681236, ""trend"": 0.1274543809615425, ""volume_momentum"": 0.12378990516949888}",0.021765554364369003,0.765601625158167,-0.03010764936103922,0.03005779717601042,4979.TWO,2014-01-27,2014-02-05
0.046382179902587056,813000,0,0.0021753843857937245,0.0021753843857937245,0.12427175323605588,D-1 estimated accounting; fill-day constraints require ledger audit,adaptive,V4_CAUSAL_7_EXPERTS_RIDGE_ANCHOR20,disabled,2014-01-27,neutral,0.01547877141623952,-0.023136246786632286,1.1102230246251565e-15,0.17829457364341086,0.07580714605762547,0.2713178294573643,0.4883720930232558,2014-01-06,2014-01-07,"{""long_momentum"": 0.1274128855138695, ""mean_reversion"": 0.11719918742091638, ""medium_momentum"": 0.12641367239222479, ""ridge"": 0.12744803330227145, ""risk_adjusted"": 0.12672721755844046, ""short_momentum"": 0.123554717681236, ""trend"": 0.1274543809615425, ""volume_momentum"": 0.12378990516949888}",0.022000987572844927,0.5053107542985302,-0.025531183381597582,0.03577078966745745,5483.TWO,2014-01-27,2014-02-05
0.05138529764868664,1802000,0,0.0036354598120057146,0.0036354598120057146,0.14838524766981068,D-1 estimated accounting; fill-day constraints require ledger audit,adaptive,V4_CAUSAL_7_EXPERTS_RIDGE_ANCHOR20,disabled,2014-01-27,neutral,0.01547877141623952,-0.023136246786632286,1.1102230246251565e-15,0.17829457364341086,0.07580714605762547,0.2713178294573643,0.4883720930232558,2014-01-06,2014-01-07,"{""long_momentum"": 0.1274128855138695, ""mean_reversion"": 0.11719918742091638, ""medium_momentum"": 0.12641367239222479, ""ridge"": 0.12744803330227145, ""risk_adjusted"": 0.12672721755844046, ""short_momentum"": 0.123554717681236, ""trend"": 0.1274543809615425, ""volume_momentum"": 0.12378990516949888}",0.020345935184437253,0.49799449803298507,-0.018885320436493335,0.032045077574777175,6274.TWO,2014-01-27,2014-02-05
0.04388042840931142,1525000,0,0.0011577199245801659,0.0011577199245801659,0.05876141479777354,D-1 estimated accounting; fill-day constraints require ledger audit,adaptive,V4_CAUSAL_7_EXPERTS_RIDGE_ANCHOR20,disabled,2014-01-27,neutral,0.01547877141623952,-0.023136246786632286,1.1102230246251565e-15,0.17829457364341086,0.07580714605762547,0.2713178294573643,0.4883720930232558,2014-01-06,2014-01-07,"{""long_momentum"": 0.1274128855138695, ""mean_reversion"": 0.11719918742091638, ""medium_momentum"": 0.12641367239222479, ""ridge"": 0.12744803330227145, ""risk_adjusted"": 0.12672721755844046, ""short_momentum"": 0.123554717681236, ""trend"": 0.1274543809615425, ""volume_momentum"": 0.12378990516949888}",0.020083709372646537,0.2504146876939873,-0.019795064769550237,0.027999342132982982,6290.TWO,2014-01-27,2014-02-05
0.04103545335627666,1106000,0,-6.656943921299996e-05,-6.656943921299996e-05,0.05042492404348519,D-1 estimated accounting; fill-day constraints require ledger audit,adaptive,V4_CAUSAL_7_EXPERTS_RIDGE_ANCHOR20,disabled,2014-01-27,neutral,0.01547877141623952,-0.023136246786632286,1.1102230246251565e-15,0.17829457364341086,0.07580714605762547,0.2713178294573643,0.4883720930232558,2014-01-06,2014-01-07,"{""long_momentum"": 0.1274128855138695, ""mean_reversion"": 0.11719918742091638, ""medium_momentum"": 0.12641367239222479, ""ridge"": 0.12744803330227145, ""risk_adjusted"": 0.12672721755844046, ""short_momentum"": 0.123554717681236, ""trend"": 0.1274543809615425, ""volume_momentum"": 0.12378990516949888}",0.02078137589599091,0.2572511234367433,-0.02436010771094698,0.030115806346793395,8046.TW,2014-01-27,2014-02-05
0.04094672706330692,2267000,0,-0.0015209511360805346,-0.0015209511360805346,0.1250022347317964,D-1 estimated accounting; fill-day constraints require ledger audit,adaptive,V4_CAUSAL_7_EXPERTS_RIDGE_ANCHOR20,disabled,2014-02-05,risk_off,0.015987846706170428,-0.03467407446708548,-0.02142863374554349,0.15503875968992248,0.08562490187556444,0.18604651162790697,0.34108527131782945,2014-01-06,2014-01-07,"{""long_momentum"": 0.1274128855138695, ""mean_reversion"": 0.11719918742091638, ""medium_momentum"": 0.12641367239222479, ""ridge"": 0.12744803330227145, ""risk_adjusted"": 0.12672721755844046, ""short_momentum"": 0.123554717681236, ""trend"": 0.1274543809615425, ""volume_momentum"": 0.12378990516949888}",0.020124527590125715,0.5107758541304281,-0.022772567987957806,0.025619503230069146,1519.TW,2014-02-05,2014-02-06
0.036357662155711915,1244000,0,-0.005423283611397164,-0.005423283611397164,0.1475860052054883,D-1 estimated accounting; fill-day constraints require ledger audit,adaptive,V4_CAUSAL_7_EXPERTS_RIDGE_ANCHOR20,disabled,2014-02-05,risk_off,0.015987846706170428,-0.03467407446708548,-0.02142863374554349,0.15503875968992248,0.08562490187556444,0.18604651162790697,0.34108527131782945,2014-01-06,2014-01-07,"{""long_momentum"": 0.1274128855138695, ""mean_reversion"": 0.11719918742091638, ""medium_momentum"": 0.12641367239222479, ""ridge"": 0.12744803330227145, ""risk_adjusted"": 0.12672721755844046, ""short_momentum"": 0.123554717681236, ""trend"": 0.1274543809615425, ""volume_momentum"": 0.12378990516949888}",0.025645372568501048,0.5107055585536242,-0.039937147525998695,0.03497941781747678,1802.TW,2014-02-05,2014-02-06
0.03997501482390776,1528000,0,-0.0022680297822474348,-0.0022680297822474348,0.12738049342640573,D-1 estimated accounting; fill-day constraints require ledger audit,adaptive,V4_CAUSAL_7_EXPERTS_RIDGE_ANCHOR20,disabled,2014-02-05,risk_off,0.015987846706170428,-0.03467407446708548,-0.02142863374554349,0.15503875968992248,0.08562490187556444,0.18604651162790697,0.34108527131782945,2014-01-06,2014-01-07,"{""long_momentum"": 0.1274128855138695, ""mean_reversion"": 0.11719918742091638, ""medium_momentum"": 0.12641367239222479, ""ridge"": 0.12744803330227145, ""risk_adjusted"": 0.12672721755844046, ""short_momentum"": 0.123554717681236, ""trend"": 0.1274543809615425, ""volume_momentum"": 0.12378990516949888}",0.021871621899754903,0.5107055585536242,-0.02966601118784304,0.031018789137620576,2002.TW,2014-02-05,2014-02-06
0.04576574726241626,871000,0,0.0014743853847968213,0.0014743853847968213,0.05839424557276556,D-1 estimated accounting; fill-day constraints require ledger audit,adaptive,V4_CAUSAL_7_EXPERTS_RIDGE_ANCHOR20,disabled,2014-02-05,risk_off,0.015987846706170428,-0.03467407446708548,-0.02142863374554349,0.15503875968992248,0.08562490187556444,0.18604651162790697,0.34108527131782945,2014-01-06,2014-01-07,"{""long_momentum"": 0.1274128855138695, ""mean_reversion"": 0.11719918742091638, ""medium_momentum"": 0.12641367239222479, ""ridge"": 0.12744803330227145, ""risk_adjusted"": 0.12672721755844046, ""short_momentum"": 0.123554717681236, ""trend"": 0.1274543809615425, ""volume_momentum"": 0.12378990516949888}",0.021290014655685238,0.2504146876939873,-0.024408494021005554,0.03324610230487161,2347.TW,2014-02-05,2014-02-06
0.043259039993385,5733000,0,0.00035876339256217185,0.00035876339256217185,0.10697171783443549,D-1 estimated accounting; fill-day constraints require ledger audit,adaptive,V4_CAUSAL_7_EXPERTS_RIDGE_ANCHOR20,disabled,2014-02-05,risk_off,0.015987846706170428,-0.03467407446708548,-0.02142863374554349,0.15503875968992248,0.08562490187556444,0.18604651162790697,0.34108527131782945,2014-01-06,2014-01-07,"{""long_momentum"": 0.1274128855138695, ""mean_reversion"": 0.11719918742091638, ""medium_momentum"": 0.12641367239222479, ""ridge"": 0.12744803330227145, ""risk_adjusted"": 0.12672721755844046, ""short_momentum"": 0.123554717681236, ""trend"": 0.1274543809615425, ""volume_momentum"": 0.12378990516949888}",0.019954850587106533,0.5053107542985302,-0.019255657361619067,0.02586202166101582,2368.TW,2014-02-05,2014-02-06
0.03809635040464004,199000,0,-0.00293557244359006,-0.00293557244359006,0.06700216389741342,D-1 estimated accounting; fill-day constraints require ledger audit,adaptive,V4_CAUSAL_7_EXPERTS_RIDGE_ANCHOR20,disabled,2014-02-05,risk_off,0.015987846706170428,-0.03467407446708548,-0.02142863374554349,0.15503875968992248,0.08562490187556444,0.18604651162790697,0.34108527131782945,2014-01-06,2014-01-07,"{""long_momentum"": 0.1274128855138695, ""mean_reversion"": 0.11719918742091638, ""medium_momentum"": 0.12641367239222479, ""ridge"": 0.12744803330227145, ""risk_adjusted"": 0.12672721755844046, ""short_momentum"": 0.123554717681236, ""trend"": 0.1274543809615425, ""volume_momentum"": 0.12378990516949888}",0.022370203857471814,0.2558797875258853,-0.03148058131913142,0.03149827394622372,2395.TW,2014-02-05,2014-02-06
0.039595379731338906,4335000,0,-0.002305851843268249,-0.002305851843268249,0.1319567741510493,D-1 estimated accounting; fill-day constraints require ledger audit,adaptive,V4_CAUSAL_7_EXPERTS_RIDGE_ANCHOR20,disabled,2014-02-05,risk_off,0.015987846706170428,-0.03467407446708548,-0.02142863374554349,0.15503875968992248,0.08562490187556444,0.18604651162790697,0.34108527131782945,2014-01-06,2014-01-07,"{""long_momentum"": 0.1274128855138695, ""mean_reversion"": 0.11719918742091638, ""medium_momentum"": 0.12641367239222479, ""ridge"": 0.12744803330227145, ""risk_adjusted"": 0.12672721755844046, ""short_momentum"": 0.123554717681236, ""trend"": 0.1274543809615425, ""volume_momentum"": 0.12378990516949888}",0.020969613136311707,0.5107055585536242,-0.02722794771525358,0.028505081542989495,2409.TW,2014-02-05,2014-02-06
0.04294427393160078,2018000,0,0.0005343274377720789,0.0005343274377720789,0.10573677224562052,D-1 estimated accounting; fill-day constraints require ledger audit,adaptive,V4_CAUSAL_7_EXPERTS_RIDGE_ANCHOR20,disabled,2014-02-05,risk_off,0.015987846706170428,-0.03467407446708548,-0.02142863374554349,0.15503875968992248,0.08562490187556444,0.18604651162790697,0.34108527131782945,2014-01-06,2014-01-07,"{""long_momentum"": 0.1274128855138695, ""mean_reversion"": 0.11719918742091638, ""medium_momentum"": 0.12641367239222479, ""ridge"": 0.12744803330227145, ""risk_adjusted"": 0.12672721755844046, ""short_momentum"": 0.123554717681236, ""trend"": 0.1274543809615425, ""volume_momentum"": 0.12378990516949888}",0.020913947015125185,0.5053107542985302,-0.024207756878401876,0.031165249268218446,2449.TW,2014-02-05,2014-02-06
0.03914753382286222,2958000,0,-0.0025112784891464504,-0.0025112784891464504,0.19747789744132496,D-1 estimated accounting; fill-day constraints require ledger audit,adaptive,V4_CAUSAL_7_EXPERTS_RIDGE_ANCHOR20,disabled,2014-02-05,risk_off,0.015987846706170428,-0.03467407446708548,-0.02142863374554349,0.15503875968992248,0.08562490187556444,0.18604651162790697,0.34108527131782945,2014-01-06,2014-01-07,"{""long_momentum"": 0.1274128855138695, ""mean_reversion"": 0.11719918742091638, ""medium_momentum"": 0.12641367239222479, ""ridge"": 0.12744803330227145, ""risk_adjusted"": 0.12672721755844046, ""short_momentum"": 0.123554717681236, ""trend"": 0.1274543809615425, ""volume_momentum"": 0.12378990516949888}",0.021609180523309603,0.765601625158167,-0.029254536443210858,0.030120816979190362,2609.TW,2014-02-05,2014-02-06
0.038739644040858744,2318000,0,-0.002481131714269411,-0.002481131714269411,0.06440578970588134,D-1 estimated accounting; fill-day constraints require ledger audit,adaptive,V4_CAUSAL_7_EXPERTS_RIDGE_ANCHOR20,disabled,2014-02-05,risk_off,0.015987846706170428,-0.03467407446708548,-0.02142863374554349,0.15503875968992248,0.08562490187556444,0.18604651162790697,0.34108527131782945,2014-01-06,2014-01-07,"{""long_momentum"": 0.1274128855138695, ""mean_reversion"": 0.11719918742091638, ""medium_momentum"": 0.12641367239222479, ""ridge"": 0.12744803330227145, ""risk_adjusted"": 0.12672721755844046, ""short_momentum"": 0.123554717681236, ""trend"": 0.1274543809615425, ""volume_momentum"": 0.12378990516949888}",0.022240891759741557,0.2558797875258853,-0.030739003906129835,0.031665577991863425,2885.TW,2014-02-05,2014-02-06
0.04073091208927824,2033000,0,-0.000438707815033002,-0.000438707815033002,0.049225901520982926,D-1 estimated accounting; fill-day constraints require ledger audit,adaptive,V4_CAUSAL_7_EXPERTS_RIDGE_ANCHOR20,disabled,2014-02-05,risk_off,0.015987846706170428,-0.03467407446708548,-0.02142863374554349,0.15503875968992248,0.08562490187556444,0.18604651162790697,0.34108527131782945,2014-01-06,2014-01-07,"{""long_momentum"": 0.1274128855138695, ""mean_reversion"": 0.11719918742091638, ""medium_momentum"": 0.12641367239222479, ""ridge"": 0.12744803330227145, ""risk_adjusted"": 0.12672721755844046, ""short_momentum"": 0.123554717681236, ""trend"": 0.1274543809615425, ""volume_momentum"": 0.12378990516949888}",0.02283208778497876,0.2558797875258853,-0.029961371053536526,0.03497279293774293,3017.TW,2014-02-05,2014-02-06
0.04044649711629165,1487000,0,-0.0023717384868719334,-0.0023717384868719334,0.13433640109418543,D-1 estimated accounting; fill-day constraints require ledger audit,adaptive,V4_CAUSAL_7_EXPERTS_RIDGE_ANCHOR20,disabled,2014-02-05,risk_off,0.015987846706170428,-0.03467407446708548,-0.02142863374554349,0.15503875968992248,0.08562490187556444,0.18604651162790697,0.34108527131782945,2014-01-06,2014-01-07,"{""long_momentum"": 0.1274128855138695, ""mean_reversion"": 0.11719918742091638, ""medium_momentum"": 0.12641367239222479, ""ridge"": 0.12744803330227145, ""risk_adjusted"": 0.12672721755844046, ""short_momentum"": 0.123554717681236, ""trend"": 0.1274543809615425, ""volume_momentum"": 0.12378990516949888}",0.020657194783554482,0.5107758541304281,-0.02621484664053786,0.027360207181066402,3105.TWO,2014-02-05,2014-02-06
0.03766067295286201,410000,0,-0.001592355648747123,-0.001592355648747123,0.184187770622001,D-1 estimated accounting; fill-day constraints require ledger audit,adaptive,V4_CAUSAL_7_EXPERTS_RIDGE_ANCHOR20,disabled,2014-02-05,risk_off,0.015987846706170428,-0.03467407446708548,-0.02142863374554349,0.15503875968992248,0.08562490187556444,0.18604651162790697,0.34108527131782945,2014-01-06,2014-01-07,"{""long_momentum"": 0.1274128855138695, ""mean_reversion"": 0.11719918742091638, ""medium_momentum"": 0.12641367239222479, ""ridge"": 0.12744803330227145, ""risk_adjusted"": 0.12672721755844046, ""short_momentum"": 0.123554717681236, ""trend"": 0.1274543809615425, ""volume_momentum"": 0.12378990516949888}",0.020809670996438556,0.765601625158167,-0.02598418277647895,0.028688308993257115,3163.TWO,2014-02-05,2014-02-06
0.039874138577331235,711000,0,-0.002005897281754526,-0.002005897281754526,0.058175989559723584,D-1 estimated accounting; fill-day constraints require ledger audit,adaptive,V4_CAUSAL_7_EXPERTS_RIDGE_ANCHOR20,disabled,2014-02-05,risk_off,0.015987846706170428,-0.03467407446708548,-0.02142863374554349,0.15503875968992248,0.08562490187556444,0.18604651162790697,0.34108527131782945,2014-01-06,2014-01-07,"{""long_momentum"": 0.1274128855138695, ""mean_reversion"": 0.11719918742091638, ""medium_momentum"": 0.12641367239222479, ""ridge"": 0.12744803330227145, ""risk_adjusted"": 0.12672721755844046, ""short_momentum"": 0.123554717681236, ""trend"": 0.1274543809615425, ""volume_momentum"": 0.12378990516949888}",0.02380866249540525,0.2558797875258853,-0.03340961868548481,0.03528666163624816,3293.TWO,2014-02-05,2014-02-06
0.042839246399156906,511000,0,-0.00020531411857838274,-0.00020531411857838274,0.048566148397105026,D-1 estimated accounting; fill-day constraints require ledger audit,adaptive,V4_CAUSAL_7_EXPERTS_RIDGE_ANCHOR20,disabled,2014-02-05,risk_off,0.015987846706170428,-0.03467407446708548,-0.02142863374554349,0.15503875968992248,0.08562490187556444,0.18604651162790697,0.34108527131782945,2014-01-06,2014-01-07,"{""long_momentum"": 0.1274128855138695, ""mean_reversion"": 0.11719918742091638, ""medium_momentum"": 0.12641367239222479, ""ridge"": 0.12744803330227145, ""risk_adjusted"": 0.12672721755844046, ""short_momentum"": 0.123554717681236, ""trend"": 0.1274543809615425, ""volume_momentum"": 0.12378990516949888}",0.022219851652786816,0.2558797875258853,-0.028415836014865768,0.033894045291981416,3653.TW,2014-02-05,2014-02-06
0.04183748922829282,763000,0,-0.00021073795923540526,-0.00021073795923540526,0.0521145596674031,D-1 estimated accounting; fill-day constraints require ledger audit,adaptive,V4_CAUSAL_7_EXPERTS_RIDGE_ANCHOR20,disabled,2014-02-05,risk_off,0.015987846706170428,-0.03467407446708548,-0.02142863374554349,0.15503875968992248,0.08562490187556444,0.18604651162790697,0.34108527131782945,2014-01-06,2014-01-07,"{""long_momentum"": 0.1274128855138695, ""mean_reversion"": 0.11719918742091638, ""medium_momentum"": 0.12641367239222479, ""ridge"": 0.12744803330227145, ""risk_adjusted"": 0.12672721755844046, ""short_momentum"": 0.123554717681236, ""trend"": 0.1274543809615425, ""volume_momentum"": 0.12378990516949888}",0.020517858700420964,0.25732141901354727,-0.023503441536042717,0.028970803131844317,3680.TWO,2014-02-05,2014-02-06
0.041580835979544116,176000,0,0.00045424096070570034,0.00045424096070570034,0.05422411565471113,D-1 estimated accounting; fill-day constraints require ledger audit,adaptive,V4_CAUSAL_7_EXPERTS_RIDGE_ANCHOR20,disabled,2014-02-05,risk_off,0.015987846706170428,-0.03467407446708548,-0.02142863374554349,0.15503875968992248,0.08562490187556444,0.18604651162790697,0.34108527131782945,2014-01-06,2014-01-07,"{""long_momentum"": 0.1274128855138695, ""mean_reversion"": 0.11719918742091638, ""medium_momentum"": 0.12641367239222479, ""ridge"": 0.12744803330227145, ""risk_adjusted"": 0.12672721755844046, ""short_momentum"": 0.123554717681236, ""trend"": 0.1274543809615425, ""volume_momentum"": 0.12378990516949888}",0.020428947851220364,0.25732141901354727,-0.022454815944415382,0.029252135380099194,4966.TWO,2014-02-05,2014-02-06
0.038301294198803605,935000,0,-0.001797550787803865,-0.001797550787803865,0.12764391571561556,D-1 estimated accounting; fill-day constraints require ledger audit,adaptive,V4_CAUSAL_7_EXPERTS_RIDGE_ANCHOR20,disabled,2014-02-05,risk_off,0.015987846706170428,-0.03467407446708548,-0.02142863374554349,0.15503875968992248,0.08562490187556444,0.18604651162790697,0.34108527131782945,2014-01-06,2014-01-07,"{""long_momentum"": 0.1274128855138695, ""mean_reversion"": 0.11719918742091638, ""medium_momentum"": 0.12641367239222479, ""ridge"": 0.12744803330227145, ""risk_adjusted"": 0.12672721755844046, ""short_momentum"": 0.123554717681236, ""trend"": 0.1274543809615425, ""volume_momentum"": 0.12378990516949888}",0.020403313351862507,0.5107758541304281,-0.024590169134461565,0.026883905073126244,4979.TWO,2014-02-05,2014-02-06
0.048376542835463894,813000,0,0.0026839568676305645,0.0026839568676305645,0.1351031700626235,D-1 estimated accounting; fill-day constraints require ledger audit,adaptive,V4_CAUSAL_7_EXPERTS_RIDGE_ANCHOR20,disabled,2014-02-05,risk_off,0.015987846706170428,-0.03467407446708548,-0.02142863374554349,0.15503875968992248,0.08562490187556444,0.18604651162790697,0.34108527131782945,2014-01-06,2014-01-07,"{""long_momentum"": 0.1274128855138695, ""mean_reversion"": 0.11719918742091638, ""medium_momentum"": 0.12641367239222479, ""ridge"": 0.12744803330227145, ""risk_adjusted"": 0.12672721755844046, ""short_momentum"": 0.123554717681236, ""trend"": 0.1274543809615425, ""volume_momentum"": 0.12378990516949888}",0.020639347770070288,0.49799449803298507,-0.0210915743279584,0.03234832557749194,5483.TWO,2014-02-05,2014-02-06
0.05144351283425959,1802000,0,0.002880736122498781,0.002880736122498781,0.06993230101438848,D-1 estimated accounting; fill-day constraints require ledger audit,adaptive,V4_CAUSAL_7_EXPERTS_RIDGE_ANCHOR20,disabled,2014-02-05,risk_off,0.015987846706170428,-0.03467407446708548,-0.02142863374554349,0.15503875968992248,0.08562490187556444,0.18604651162790697,0.34108527131782945,2014-01-06,2014-01-07,"{""long_momentum"": 0.1274128855138695, ""mean_reversion"": 0.11719918742091638, ""medium_momentum"": 0.12641367239222479, ""ridge"": 0.12744803330227145, ""risk_adjusted"": 0.12672721755844046, ""short_momentum"": 0.123554717681236, ""trend"": 0.1274543809615425, ""volume_momentum"": 0.12378990516949888}",0.020338728220712542,0.2504146876939873,-0.01960469149394361,0.03125500125321358,6274.TWO,2014-02-05,2014-02-06
0.045596063452588466,1525000,0,0.0019866267829329533,0.0019866267829329533,0.13096950315626063,D-1 estimated accounting; fill-day constraints require ledger audit,adaptive,V4_CAUSAL_7_EXPERTS_RIDGE_ANCHOR20,disabled,2014-02-05,risk_off,0.015987846706170428,-0.03467407446708548,-0.02142863374554349,0.15503875968992248,0.08562490187556444,0.18604651162790697,0.34108527131782945,2014-01-06,2014-01-07,"{""long_momentum"": 0.1274128855138695, ""mean_reversion"": 0.11719918742091638, ""medium_momentum"": 0.12641367239222479, ""ridge"": 0.12744803330227145, ""risk_adjusted"": 0.12672721755844046, ""short_momentum"": 0.123554717681236, ""trend"": 0.1274543809615425, ""volume_momentum"": 0.12378990516949888}",0.020257189888848635,0.5107055585536242,-0.020076385388847286,0.029938476468985602,6290.TWO,2014-02-05,2014-02-06
0.04076640558344405,1106000,0,-0.0010798388726121844,-0.0010798388726121844,0.16962929551453282,D-1 estimated accounting; fill-day constraints require ledger audit,adaptive,V4_CAUSAL_7_EXPERTS_RIDGE_ANCHOR20,disabled,2014-02-05,risk_off,0.015987846706170428,-0.03467407446708548,-0.02142863374554349,0.15503875968992248,0.08562490187556444,0.18604651162790697,0.34108527131782945,2014-01-06,2014-01-07,"{""long_momentum"": 0.1274128855138695, ""mean_reversion"": 0.11719918742091638, ""medium_momentum"": 0.12641367239222479, ""ridge"": 0.12744803330227145, ""risk_adjusted"": 0.12672721755844046, ""short_momentum"": 0.123554717681236, ""trend"": 0.1274543809615425, ""volume_momentum"": 0.12378990516949888}",0.021360789866973054,0.765601625158167,-0.027160642088031796,0.03088980185707984,8046.TW,2014-02-05,2014-02-06
0.04128105264881835,2267000,0,-0.00028528862041859266,-0.00028528862041859266,0.10670687351963086,D-1 estimated accounting; fill-day constraints require ledger audit,adaptive,V4_CAUSAL_7_EXPERTS_RIDGE_ANCHOR20,disabled,2014-02-06,risk_off,0.016626440105410967,-0.029972739990547503,-0.016949216467680772,0.21705426356589147,0.09075043482044111,0.29457364341085274,0.4418604651162791,2014-01-06,2014-01-07,"{""long_momentum"": 0.1274128855138695, ""mean_reversion"": 0.11719918742091638, ""medium_momentum"": 0.12641367239222479, ""ridge"": 0.12744803330227145, ""risk_adjusted"": 0.12672721755844046, ""short_momentum"": 0.123554717681236, ""trend"": 0.1274543809615425, ""volume_momentum"": 0.12378990516949888}",0.020013904584070655,0.5107758541304281,-0.02062727114316542,0.025945531416600644,1519.TW,2014-02-06,2014-02-07
0.036825260558571625,1244000,0,-0.004915001963261145,-0.004915001963261145,0.15468525088455987,D-1 estimated accounting; fill-day constraints require ledger audit,adaptive,V4_CAUSAL_7_EXPERTS_RIDGE_ANCHOR20,disabled,2014-02-06,risk_off,0.016626440105410967,-0.029972739990547503,-0.016949216467680772,0.21705426356589147,0.09075043482044111,0.29457364341085274,0.4418604651162791,2014-01-06,2014-01-07,"{""long_momentum"": 0.1274128855138695, ""mean_reversion"": 0.11719918742091638, ""medium_momentum"": 0.12641367239222479, ""ridge"": 0.12744803330227145, ""risk_adjusted"": 0.12672721755844046, ""short_momentum"": 0.123554717681236, ""trend"": 0.1274543809615425, ""volume_momentum"": 0.12378990516949888}",0.02282015918979872,0.5107055585536242,-0.034413254624479105,0.03047208821222922,1802.TW,2014-02-06,2014-02-07
0.03989866271736,1528000,0,-0.0019070202675802613,-0.0019070202675802613,0.12422918245186852,D-1 estimated accounting; fill-day constraints require ledger audit,adaptive,V4_CAUSAL_7_EXPERTS_RIDGE_ANCHOR20,disabled,2014-02-06,risk_off,0.016626440105410967,-0.029972739990547503,-0.016949216467680772,0.21705426356589147,0.09075043482044111,0.29457364341085274,0.4418604651162791,2014-01-06,2014-01-07,"{""long_momentum"": 0.1274128855138695, ""mean_reversion"": 0.11719918742091638, ""medium_momentum"": 0.12641367239222479, ""ridge"": 0.12744803330227145, ""risk_adjusted"": 0.12672721755844046, ""short_momentum"": 0.123554717681236, ""trend"": 0.1274543809615425, ""volume_momentum"": 0.12378990516949888}",0.0214877061089091,0.5107055585536242,-0.02833214935712204,0.030406946336233923,2002.TW,2014-02-06,2014-02-07
0.04514024163520617,871000,0,0.0010847377825578494,0.0010847377825578494,0.053956553662819,D-1 estimated accounting; fill-day constraints require ledger audit,adaptive,V4_CAUSAL_7_EXPERTS_RIDGE_ANCHOR20,disabled,2014-02-06,risk_off,0.016626440105410967,-0.029972739990547503,-0.016949216467680772,0.21705426356589147,0.09075043482044111,0.29457364341085274,0.4418604651162791,2014-01-06,2014-01-07,"{""long_momentum"": 0.1274128855138695, ""mean_reversion"": 0.11719918742091638, ""medium_momentum"": 0.12641367239222479, ""ridge"": 0.12744803330227145, ""risk_adjusted"": 0.12672721755844046, ""short_momentum"": 0.123554717681236, ""trend"": 0.1274543809615425, ""volume_momentum"": 0.12378990516949888}",0.022154792137030074,0.2504146876939873,-0.0269781963688831,0.03503650944827121,2347.TW,2014-02-06,2014-02-07
0.045692607850992814,5733000,0,0.0027425882036702523,0.0027425882036702523,0.20712303546456007,D-1 estimated accounting; fill-day constraints require ledger audit,adaptive,V4_CAUSAL_7_EXPERTS_RIDGE_ANCHOR20,disabled,2014-02-06,risk_off,0.016626440105410967,-0.029972739990547503,-0.016949216467680772,0.21705426356589147,0.09075043482044111,0.29457364341085274,0.4418604651162791,2014-01-06,2014-01-07,"{""long_momentum"": 0.1274128855138695, ""mean_reversion"": 0.11719918742091638, ""medium_momentum"": 0.12641367239222479, ""ridge"": 0.12744803330227145, ""risk_adjusted"": 0.12672721755844046, ""short_momentum"": 0.123554717681236, ""trend"": 0.1274543809615425, ""volume_momentum"": 0.12378990516949888}",0.02087681715780953,0.765601625158167,-0.02187682587409083,0.03325083979570374,2368.TW,2014-02-06,2014-02-07
0.0380593138348607,199000,0,-0.0021896793401752655,-0.0021896793401752655,0.06437882256840335,D-1 estimated accounting; fill-day constraints require ledger audit,adaptive,V4_CAUSAL_7_EXPERTS_RIDGE_ANCHOR20,disabled,2014-02-06,risk_off,0.016626440105410967,-0.029972739990547503,-0.016949216467680772,0.21705426356589147,0.09075043482044111,0.29457364341085274,0.4418604651162791,2014-01-06,2014-01-07,"{""long_momentum"": 0.1274128855138695, ""mean_reversion"": 0.11719918742091638, ""medium_momentum"": 0.12641367239222479, ""ridge"": 0.12744803330227145, ""risk_adjusted"": 0.12672721755844046, ""short_momentum"": 0.123554717681236, ""trend"": 0.1274543809615425, ""volume_momentum"": 0.12378990516949888}",0.021386388822435123,0.2558797875258853,-0.0283409911466607,0.029850469980582574,2395.TW,2014-02-06,2014-02-07
0.039131542974456014,4335000,0,-0.002265056240869986,-0.002265056240869986,0.1960745707127113,D-1 estimated accounting; fill-day constraints require ledger audit,adaptive,V4_CAUSAL_7_EXPERTS_RIDGE_ANCHOR20,disabled,2014-02-06,risk_off,0.016626440105410967,-0.029972739990547503,-0.016949216467680772,0.21705426356589147,0.09075043482044111,0.29457364341085274,0.4418604651162791,2014-01-06,2014-01-07,"{""long_momentum"": 0.1274128855138695, ""mean_reversion"": 0.11719918742091638, ""medium_momentum"": 0.12641367239222479, ""ridge"": 0.12744803330227145, ""risk_adjusted"": 0.12672721755844046, ""short_momentum"": 0.123554717681236, ""trend"": 0.1274543809615425, ""volume_momentum"": 0.12378990516949888}",0.02110241050740711,0.765601625158167,-0.027599650391161742,0.028958375423694182,2409.TW,2014-02-06,2014-02-07
0.04461502474534748,2018000,0,0.0011575381118390908,0.0011575381118390908,0.18048542192386102,D-1 estimated accounting; fill-day constraints require ledger audit,adaptive,V4_CAUSAL_7_EXPERTS_RIDGE_ANCHOR20,disabled,2014-02-06,risk_off,0.016626440105410967,-0.029972739990547503,-0.016949216467680772,0.21705426356589147,0.09075043482044111,0.29457364341085274,0.4418604651162791,2014-01-06,2014-01-07,"{""long_momentum"": 0.1274128855138695, ""mean_reversion"": 0.11719918742091638, ""medium_momentum"": 0.12641367239222479, ""ridge"": 0.12744803330227145, ""risk_adjusted"": 0.12672721755844046, ""short_momentum"": 0.123554717681236, ""trend"": 0.1274543809615425, ""volume_momentum"": 0.12378990516949888}",0.019962140337238556,0.765601625158167,-0.018567635529781905,0.026771549267732495,2449.TW,2014-02-06,2014-02-07
0.03868894331933465,2958000,0,-0.0025478411303045826,-0.0025478411303045826,0.19909612369936552,D-1 estimated accounting; fill-day constraints require ledger audit,adaptive,V4_CAUSAL_7_EXPERTS_RIDGE_ANCHOR20,disabled,2014-02-06,risk_off,0.016626440105410967,-0.029972739990547503,-0.016949216467680772,0.21705426356589147,0.09075043482044111,0.29457364341085274,0.4418604651162791,2014-01-06,2014-01-07,"{""long_momentum"": 0.1274128855138695, ""mean_reversion"": 0.11719918742091638, ""medium_momentum"": 0.12641367239222479, ""ridge"": 0.12744803330227145, ""risk_adjusted"": 0.12672721755844046, ""short_momentum"": 0.123554717681236, ""trend"": 0.1274543809615425, ""volume_momentum"": 0.12378990516949888}",0.021476528246783696,0.765601625158167,-0.02894315628952676,0.029736311543190008,2609.TW,2014-02-06,2014-02-07
0.03804803153092388,2318000,0,-0.003037668810347374,-0.003037668810347374,0.06717862732910448,D-1 estimated accounting; fill-day constraints require ledger audit,adaptive,V4_CAUSAL_7_EXPERTS_RIDGE_ANCHOR20,disabled,2014-02-06,risk_off,0.016626440105410967,-0.029972739990547503,-0.016949216467680772,0.21705426356589147,0.09075043482044111,0.29457364341085274,0.4418604651162791,2014-01-06,2014-01-07,"{""long_momentum"": 0.1274128855138695, ""mean_reversion"": 0.11719918742091638, ""medium_momentum"": 0.12641367239222479, ""ridge"": 0.12744803330227145, ""risk_adjusted"": 0.12672721755844046, ""short_momentum"": 0.123554717681236, ""trend"": 0.1274543809615425, ""volume_momentum"": 0.12378990516949888}",0.02257738048679845,0.2558797875258853,-0.03202983856598615,0.031843338459563816,2885.TW,2014-02-06,2014-02-07
0.04067091078023526,2033000,0,-0.0013914048615605113,-0.0013914048615605113,0.11690553027842875,D-1 estimated accounting; fill-day constraints require ledger audit,adaptive,V4_CAUSAL_7_EXPERTS_RIDGE_ANCHOR20,disabled,2014-02-06,risk_off,0.016626440105410967,-0.029972739990547503,-0.016949216467680772,0.21705426356589147,0.09075043482044111,0.29457364341085274,0.4418604651162791,2014-01-06,2014-01-07,"{""long_momentum"": 0.1274128855138695, ""mean_reversion"": 0.11719918742091638, ""medium_momentum"": 0.12641367239222479, ""ridge"": 0.12744803330227145, ""risk_adjusted"": 0.12672721755844046, ""short_momentum"": 0.123554717681236, ""trend"": 0.1274543809615425, ""volume_momentum"": 0.12378990516949888}",0.021533495435986115,0.5107758541304281,-0.02793769103557494,0.03104371882672632,3017.TW,2014-02-06,2014-02-07
0.0407355276118734,1487000,0,-0.0016472364840759502,-0.0016472364840759502,0.12694379255533494,D-1 estimated accounting; fill-day constraints require ledger audit,adaptive,V4_CAUSAL_7_EXPERTS_RIDGE_ANCHOR20,disabled,2014-02-06,risk_off,0.016626440105410967,-0.029972739990547503,-0.016949216467680772,0.21705426356589147,0.09075043482044111,0.29457364341085274,0.4418604651162791,2014-01-06,2014-01-07,"{""long_momentum"": 0.1274128855138695, ""mean_reversion"": 0.11719918742091638, ""medium_momentum"": 0.12641367239222479, ""ridge"": 0.12744803330227145, ""risk_adjusted"": 0.12672721755844046, ""short_momentum"": 0.123554717681236, ""trend"": 0.1274543809615425, ""volume_momentum"": 0.12378990516949888}",0.02009883612345896,0.5107758541304281,-0.022714537252096247,0.02530890179821676,3105.TWO,2014-02-06,2014-02-07
0.03789315626779121,410000,0,-0.0023497283403734665,-0.0023497283403734665,0.2047645581322397,D-1 estimated accounting; fill-day constraints require ledger audit,adaptive,V4_CAUSAL_7_EXPERTS_RIDGE_ANCHOR20,disabled,2014-02-06,risk_off,0.016626440105410967,-0.029972739990547503,-0.016949216467680772,0.21705426356589147,0.09075043482044111,0.29457364341085274,0.4418604651162791,2014-01-06,2014-01-07,"{""long_momentum"": 0.1274128855138695, ""mean_reversion"": 0.11719918742091638, ""medium_momentum"": 0.12641367239222479, ""ridge"": 0.12744803330227145, ""risk_adjusted"": 0.12672721755844046, ""short_momentum"": 0.123554717681236, ""trend"": 0.1274543809615425, ""volume_momentum"": 0.12378990516949888}",0.02013043723704543,0.765601625158167,-0.023642137743154466,0.02483151857667994,3163.TWO,2014-02-06,2014-02-07
0.04035572423480037,711000,0,-0.0016353265741862525,-0.0016353265741862525,0.06142878874200465,D-1 estimated accounting; fill-day constraints require ledger audit,adaptive,V4_CAUSAL_7_EXPERTS_RIDGE_ANCHOR20,disabled,2014-02-06,risk_off,0.016626440105410967,-0.029972739990547503,-0.016949216467680772,0.21705426356589147,0.09075043482044111,0.29457364341085274,0.4418604651162791,2014-01-06,2014-01-07,"{""long_momentum"": 0.1274128855138695, ""mean_reversion"": 0.11719918742091638, ""medium_momentum"": 0.12641367239222479, ""ridge"": 0.12744803330227145, ""risk_adjusted"": 0.12672721755844046, ""short_momentum"": 0.123554717681236, ""trend"": 0.1274543809615425, ""volume_momentum"": 0.12378990516949888}",0.021003928386520165,0.2558797875258853,-0.026666203040731192,0.029284387406631095,3293.TWO,2014-02-06,2014-02-07
0.042494797778021155,511000,0,-0.00020288522222695792,-0.00020288522222695792,0.00047520608876834634,D-1 estimated accounting; fill-day constraints require ledger audit,adaptive,V4_CAUSAL_7_EXPERTS_RIDGE_ANCHOR20,disabled,2014-02-06,risk_off,0.016626440105410967,-0.029972739990547503,-0.016949216467680772,0.21705426356589147,0.09075043482044111,0.29457364341085274,0.4418604651162791,2014-01-06,2014-01-07,"{""long_momentum"": 0.1274128855138695, ""mean_reversion"": 0.11719918742091638, ""medium_momentum"": 0.12641367239222479, ""ridge"": 0.12744803330227145, ""risk_adjusted"": 0.12672721755844046, ""short_momentum"": 0.123554717681236, ""trend"": 0.1274543809615425, ""volume_momentum"": 0.12378990516949888}",0.021351551906740183,0.0024253524090043777,-0.026258106166923652,0.031741173236742144,3653.TW,2014-02-06,2014-02-07
0.04158231580553123,763000,0,-0.0005965057572286801,-0.0005965057572286801,0.11057097226443097,D-1 estimated accounting; fill-day constraints require ledger audit,adaptive,V4_CAUSAL_7_EXPERTS_RIDGE_ANCHOR20,disabled,2014-02-06,risk_off,0.016626440105410967,-0.029972739990547503,-0.016949216467680772,0.21705426356589147,0.09075043482044111,0.29457364341085274,0.4418604651162791,2014-01-06,2014-01-07,"{""long_momentum"": 0.1274128855138695, ""mean_reversion"": 0.11719918742091638, ""medium_momentum"": 0.12641367239222479, ""ridge"": 0.12744803330227145, ""risk_adjusted"": 0.12672721755844046, ""short_momentum"": 0.123554717681236, ""trend"": 0.1274543809615425, ""volume_momentum"": 0.12378990516949888}",0.020256210826090124,0.5107758541304281,-0.02265416385715341,0.02734998985696846,3680.TWO,2014-02-06,2014-02-07
0.04018859228693634,176000,0,-0.00017622868380878142,-0.00017622868380878142,0.10217014464543551,D-1 estimated accounting; fill-day constraints require ledger audit,adaptive,V4_CAUSAL_7_EXPERTS_RIDGE_ANCHOR20,disabled,2014-02-06,risk_off,0.016626440105410967,-0.029972739990547503,-0.016949216467680772,0.21705426356589147,0.09075043482044111,0.29457364341085274,0.4418604651162791,2014-01-06,2014-01-07,"{""long_momentum"": 0.1274128855138695, ""mean_reversion"": 0.11719918742091638, ""medium_momentum"": 0.12641367239222479, ""ridge"": 0.12744803330227145, ""risk_adjusted"": 0.12672721755844046, ""short_momentum"": 0.123554717681236, ""trend"": 0.1274543809615425, ""volume_momentum"": 0.12378990516949888}",0.020701121654903586,0.5107758541304281,-0.024182462282491997,0.029718842429146845,4966.TWO,2014-02-06,2014-02-07
0.037996543198412225,935000,0,-0.0026095274798586636,-0.0026095274798586636,0.20507381612060743,D-1 estimated accounting; fill-day constraints require ledger audit,adaptive,V4_CAUSAL_7_EXPERTS_RIDGE_ANCHOR20,disabled,2014-02-06,risk_off,0.016626440105410967,-0.029972739990547503,-0.016949216467680772,0.21705426356589147,0.09075043482044111,0.29457364341085274,0.4418604651162791,2014-01-06,2014-01-07,"{""long_momentum"": 0.1274128855138695, ""mean_reversion"": 0.11719918742091638, ""medium_momentum"": 0.12641367239222479, ""ridge"": 0.12744803330227145, ""risk_adjusted"": 0.12672721755844046, ""short_momentum"": 0.123554717681236, ""trend"": 0.1274543809615425, ""volume_momentum"": 0.12378990516949888}",0.020041119881733505,0.7451742289722609,-0.02320925272210207,0.023879035276657152,4979.TWO,2014-02-06,2014-02-07
0.04856077977285052,813000,0,0.002636663821054861,0.002636663821054861,0.2070593741573627,D-1 estimated accounting; fill-day constraints require ledger audit,adaptive,V4_CAUSAL_7_EXPERTS_RIDGE_ANCHOR20,disabled,2014-02-06,risk_off,0.016626440105410967,-0.029972739990547503,-0.016949216467680772,0.21705426356589147,0.09075043482044111,0.29457364341085274,0.4418604651162791,2014-01-06,2014-01-07,"{""long_momentum"": 0.1274128855138695, ""mean_reversion"": 0.11719918742091638, ""medium_momentum"": 0.12641367239222479, ""ridge"": 0.12744803330227145, ""risk_adjusted"": 0.12672721755844046, ""short_momentum"": 0.123554717681236, ""trend"": 0.1274543809615425, ""volume_momentum"": 0.12378990516949888}",0.020131082312531773,0.7528905646375279,-0.018660164811877777,0.029822329968259908,5483.TWO,2014-02-06,2014-02-07
0.051765261790104815,1802000,0,0.0030747112259020193,0.0030747112259020193,0.07446362287822354,D-1 estimated accounting; fill-day constraints require ledger audit,adaptive,V4_CAUSAL_7_EXPERTS_RIDGE_ANCHOR20,disabled,2014-02-06,risk_off,0.016626440105410967,-0.029972739990547503,-0.016949216467680772,0.21705426356589147,0.09075043482044111,0.29457364341085274,0.4418604651162791,2014-01-06,2014-01-07,"{""long_momentum"": 0.1274128855138695, ""mean_reversion"": 0.11719918742091638, ""medium_momentum"": 0.12641367239222479, ""ridge"": 0.12744803330227145, ""risk_adjusted"": 0.12672721755844046, ""short_momentum"": 0.123554717681236, ""trend"": 0.1274543809615425, ""volume_momentum"": 0.12378990516949888}",0.02045820660442099,0.2631257482146265,-0.019963880791258114,0.03200214075733457,6274.TWO,2014-02-06,2014-02-07
0.04537486227389225,1525000,0,0.0014817492657059812,0.0014817492657059812,0.18301603509714104,D-1 estimated accounting; fill-day constraints require ledger audit,adaptive,V4_CAUSAL_7_EXPERTS_RIDGE_ANCHOR20,disabled,2014-02-06,risk_off,0.016626440105410967,-0.029972739990547503,-0.016949216467680772,0.21705426356589147,0.09075043482044111,0.29457364341085274,0.4418604651162791,2014-01-06,2014-01-07,"{""long_momentum"": 0.1274128855138695, ""mean_reversion"": 0.11719918742091638, ""medium_momentum"": 0.12641367239222479, ""ridge"": 0.12744803330227145, ""risk_adjusted"": 0.12672721755844046, ""short_momentum"": 0.123554717681236, ""trend"": 0.1274543809615425, ""volume_momentum"": 0.12378990516949888}",0.02063302113710762,0.765601625158167,-0.022269637372617473,0.03112197341830185,6290.TWO,2014-02-06,2014-02-07
0.040288850942374874,1106000,0,-0.0021904624115442247,-0.0021904624115442247,0.19656683377130862,D-1 estimated accounting; fill-day constraints require ledger audit,adaptive,V4_CAUSAL_7_EXPERTS_RIDGE_ANCHOR20,disabled,2014-02-06,risk_off,0.016626440105410967,-0.029972739990547503,-0.016949216467680772,0.21705426356589147,0.09075043482044111,0.29457364341085274,0.4418604651162791,2014-01-06,2014-01-07,"{""long_momentum"": 0.1274128855138695, ""mean_reversion"": 0.11719918742091638, ""medium_momentum"": 0.12641367239222479, ""ridge"": 0.12744803330227145, ""risk_adjusted"": 0.12672721755844046, ""short_momentum"": 0.123554717681236, ""trend"": 0.1274543809615425, ""volume_momentum"": 0.12378990516949888}",0.02081543055777367,0.765601625158167,-0.026602117338397777,0.028110030029581734,8046.TW,2014-02-06,2014-02-07
0.04091072966208094,2267000,0,-0.000322395183530661,-0.000322395183530661,0.10756432865082674,D-1 estimated accounting; fill-day constraints require ledger audit,adaptive,V4_CAUSAL_7_EXPERTS_RIDGE_ANCHOR20,disabled,2014-02-07,neutral,0.01661331485942876,-0.018348595256370226,-0.018640197206878817,0.2713178294573643,0.08325102826143627,0.40310077519379844,0.5038759689922481,2014-01-06,2014-01-07,"{""long_momentum"": 0.1274128855138695, ""mean_reversion"": 0.11719918742091638, ""medium_momentum"": 0.12641367239222479, ""ridge"": 0.12744803330227145, ""risk_adjusted"": 0.12672721755844046, ""short_momentum"": 0.123554717681236, ""trend"": 0.1274543809615425, ""volume_momentum"": 0.12378990516949888}",0.01995132687643271,0.5107758541304281,-0.019879640418851128,0.025123687566062213,1519.TW,2014-02-07,2014-02-10
0.03693765534375139,1244000,0,-0.004824677489825572,-0.004824677489825572,0.1640544122573776,D-1 estimated accounting; fill-day constraints require ledger audit,adaptive,V4_CAUSAL_7_EXPERTS_RIDGE_ANCHOR20,disabled,2014-02-07,neutral,0.01661331485942876,-0.018348595256370226,-0.018640197206878817,0.2713178294573643,0.08325102826143627,0.40310077519379844,0.5038759689922481,2014-01-06,2014-01-07,"{""long_momentum"": 0.1274128855138695, ""mean_reversion"": 0.11719918742091638, ""medium_momentum"": 0.12641367239222479, ""ridge"": 0.12744803330227145, ""risk_adjusted"": 0.12672721755844046, ""short_momentum"": 0.123554717681236, ""trend"": 0.1274543809615425, ""volume_momentum"": 0.12378990516949888}",0.02075979345496578,0.5107055585536242,-0.029042228576971123,0.02528171111159239,1802.TW,2014-02-07,2014-02-10
0.03985147357547182,1528000,0,-0.0019013629619462357,-0.0019013629619462357,0.12974377648291505,D-1 estimated accounting; fill-day constraints require ledger audit,adaptive,V4_CAUSAL_7_EXPERTS_RIDGE_ANCHOR20,disabled,2014-02-07,neutral,0.01661331485942876,-0.018348595256370226,-0.018640197206878817,0.2713178294573643,0.08325102826143627,0.40310077519379844,0.5038759689922481,2014-01-06,2014-01-07,"{""long_momentum"": 0.1274128855138695, ""mean_reversion"": 0.11719918742091638, ""medium_momentum"": 0.12641367239222479, ""ridge"": 0.12744803330227145, ""risk_adjusted"": 0.12672721755844046, ""short_momentum"": 0.123554717681236, ""trend"": 0.1274543809615425, ""volume_momentum"": 0.12378990516949888}",0.020264213081897138,0.5107055585536242,-0.02400256506598936,0.0260886766563693,2002.TW,2014-02-07,2014-02-10
0.04659557848636393,871000,0,0.0012210305183603413,0.0012210305183603413,0.12006492049047933,D-1 estimated accounting; fill-day constraints require ledger audit,adaptive,V4_CAUSAL_7_EXPERTS_RIDGE_ANCHOR20,disabled,2014-02-07,neutral,0.01661331485942876,-0.018348595256370226,-0.018640197206878817,0.2713178294573643,0.08325102826143627,0.40310077519379844,0.5038759689922481,2014-01-06,2014-01-07,"{""long_momentum"": 0.1274128855138695, ""mean_reversion"": 0.11719918742091638, ""medium_momentum"": 0.12641367239222479, ""ridge"": 0.12744803330227145, ""risk_adjusted"": 0.12672721755844046, ""short_momentum"": 0.123554717681236, ""trend"": 0.1274543809615425, ""volume_momentum"": 0.12378990516949888}",0.02024061083932742,0.5107055585536242,-0.020750284180604876,0.02908118273159797,2347.TW,2014-02-07,2014-02-10
0.046797961350891606,5733000,0,0.0037160988506264054,0.0037160988506264054,0.19569513280490866,D-1 estimated accounting; fill-day constraints require ledger audit,adaptive,V4_CAUSAL_7_EXPERTS_RIDGE_ANCHOR20,disabled,2014-02-07,neutral,0.01661331485942876,-0.018348595256370226,-0.018640197206878817,0.2713178294573643,0.08325102826143627,0.40310077519379844,0.5038759689922481,2014-01-06,2014-01-07,"{""long_momentum"": 0.1274128855138695, ""mean_reversion"": 0.11719918742091638, ""medium_momentum"": 0.12641367239222479, ""ridge"": 0.12744803330227145, ""risk_adjusted"": 0.12672721755844046, ""short_momentum"": 0.123554717681236, ""trend"": 0.1274543809615425, ""volume_momentum"": 0.12378990516949888}",0.025383162328910837,0.765601625158167,-0.030378269963377273,0.04369930517890249,2368.TW,2014-02-07,2014-02-10
0.03832624544059115,199000,0,-0.0024314403232753405,-0.0024314403232753405,0.10092649400479808,D-1 estimated accounting; fill-day constraints require ledger audit,adaptive,V4_CAUSAL_7_EXPERTS_RIDGE_ANCHOR20,disabled,2014-02-07,neutral,0.01661331485942876,-0.018348595256370226,-0.018640197206878817,0.2713178294573643,0.08325102826143627,0.40310077519379844,0.5038759689922481,2014-01-06,2014-01-07,"{""long_momentum"": 0.1274128855138695, ""mean_reversion"": 0.11719918742091638, ""medium_momentum"": 0.12641367239222479, ""ridge"": 0.12744803330227145, ""risk_adjusted"": 0.12672721755844046, ""short_momentum"": 0.123554717681236, ""trend"": 0.1274543809615425, ""volume_momentum"": 0.12378990516949888}",0.020039187340201072,0.3730789749468017,-0.023013836874183177,0.024039793741904906,2395.TW,2014-02-07,2014-02-10
0.03988222158105663,4335000,0,-0.0017347972934965918,-0.0017347972934965918,0.18802727282245896,D-1 estimated accounting; fill-day constraints require ledger audit,adaptive,V4_CAUSAL_7_EXPERTS_RIDGE_ANCHOR20,disabled,2014-02-07,neutral,0.01661331485942876,-0.018348595256370226,-0.018640197206878817,0.2713178294573643,0.08325102826143627,0.40310077519379844,0.5038759689922481,2014-01-06,2014-01-07,"{""long_momentum"": 0.1274128855138695, ""mean_reversion"": 0.11719918742091638, ""medium_momentum"": 0.12641367239222479, ""ridge"": 0.12744803330227145, ""risk_adjusted"": 0.12672721755844046, ""short_momentum"": 0.123554717681236, ""trend"": 0.1274543809615425, ""volume_momentum"": 0.12378990516949888}",0.019955997638175394,0.7451742289722609,-0.021367279674320044,0.02378652260159927,2409.TW,2014-02-07,2014-02-10
0.043496687754912805,2018000,0,2.5771282481945354e-05,2.5771282481945354e-05,0.04887076949186639,D-1 estimated accounting; fill-day constraints require ledger audit,adaptive,V4_CAUSAL_7_EXPERTS_RIDGE_ANCHOR20,disabled,2014-02-07,neutral,0.01661331485942876,-0.018348595256370226,-0.018640197206878817,0.2713178294573643,0.08325102826143627,0.40310077519379844,0.5038759689922481,2014-01-06,2014-01-07,"{""long_momentum"": 0.1274128855138695, ""mean_reversion"": 0.11719918742091638, ""medium_momentum"": 0.12641367239222479, ""ridge"": 0.12744803330227145, ""risk_adjusted"": 0.12672721755844046, ""short_momentum"": 0.123554717681236, ""trend"": 0.1274543809615425, ""volume_momentum"": 0.12378990516949888}",0.01997990417381905,0.24315603168670397,-0.019937780380493503,0.025878160459729804,2449.TW,2014-02-07,2014-02-10
0.038792954424533746,2958000,0,-0.0020254182486456745,-0.0020254182486456745,0.19697937474297947,D-1 estimated accounting; fill-day constraints require ledger audit,adaptive,V4_CAUSAL_7_EXPERTS_RIDGE_ANCHOR20,disabled,2014-02-07,neutral,0.01661331485942876,-0.018348595256370226,-0.018640197206878817,0.2713178294573643,0.08325102826143627,0.40310077519379844,0.5038759689922481,2014-01-06,2014-01-07,"{""long_momentum"": 0.1274128855138695, ""mean_reversion"": 0.11719918742091638, ""medium_momentum"": 0.12641367239222479, ""ridge"": 0.12744803330227145, ""risk_adjusted"": 0.12672721755844046, ""short_momentum"": 0.123554717681236, ""trend"": 0.1274543809615425, ""volume_momentum"": 0.12378990516949888}",0.020280342243269345,0.765601625158167,-0.024212933732394245,0.026050934749375306,2609.TW,2014-02-07,2014-02-10
0.03817804513598736,2318000,0,-0.0029023360236700496,-0.0029023360236700496,0.1391645657812013,D-1 estimated accounting; fill-day constraints require ledger audit,adaptive,V4_CAUSAL_7_EXPERTS_RIDGE_ANCHOR20,disabled,2014-02-07,neutral,0.01661331485942876,-0.018348595256370226,-0.018640197206878817,0.2713178294573643,0.08325102826143627,0.40310077519379844,0.5038759689922481,2014-01-06,2014-01-07,"{""long_momentum"": 0.1274128855138695, ""mean_reversion"": 0.11719918742091638, ""medium_momentum"": 0.12641367239222479, ""ridge"": 0.12744803330227145, ""risk_adjusted"": 0.12672721755844046, ""short_momentum"": 0.123554717681236, ""trend"": 0.1274543809615425, ""volume_momentum"": 0.12378990516949888}",0.02109762463579834,0.5107055585536242,-0.02822244462425066,0.02830661009118297,2885.TW,2014-02-07,2014-02-10
0.04102950336299282,2033000,0,-0.0017830593666726018,-0.0017830593666726018,0.1888585318226123,D-1 estimated accounting; fill-day constraints require ledger audit,adaptive,V4_CAUSAL_7_EXPERTS_RIDGE_ANCHOR20,disabled,2014-02-07,neutral,0.01661331485942876,-0.018348595256370226,-0.018640197206878817,0.2713178294573643,0.08325102826143627,0.40310077519379844,0.5038759689922481,2014-01-06,2014-01-07,"{""long_momentum"": 0.1274128855138695, ""mean_reversion"": 0.11719918742091638, ""medium_momentum"": 0.12641367239222479, ""ridge"": 0.12744803330227145, ""risk_adjusted"": 0.12672721755844046, ""short_momentum"": 0.123554717681236, ""trend"": 0.1274543809615425, ""volume_momentum"": 0.12378990516949888}",0.019980682704460764,0.7451742289722609,-0.02175625922981113,0.024078978010738335,3017.TW,2014-02-07,2014-02-10
0.040899294453392375,1487000,0,-0.0015972235230232066,-0.0015972235230232066,0.12300837608571685,D-1 estimated accounting; fill-day constraints require ledger audit,adaptive,V4_CAUSAL_7_EXPERTS_RIDGE_ANCHOR20,disabled,2014-02-07,neutral,0.01661331485942876,-0.018348595256370226,-0.018640197206878817,0.2713178294573643,0.08325102826143627,0.40310077519379844,0.5038759689922481,2014-01-06,2014-01-07,"{""long_momentum"": 0.1274128855138695, ""mean_reversion"": 0.11719918742091638, ""medium_momentum"": 0.12641367239222479, ""ridge"": 0.12744803330227145, ""risk_adjusted"": 0.12672721755844046, ""short_momentum"": 0.123554717681236, ""trend"": 0.1274543809615425, ""volume_momentum"": 0.12378990516949888}",0.020115142552783682,0.49806479360978895,-0.022782875269527516,0.025477265737753513,3105.TWO,2014-02-07,2014-02-10
0.03792875758657667,410000,0,-0.0023257922701626194,-0.0023257922701626194,0.13245351103963898,D-1 estimated accounting; fill-day constraints require ledger audit,adaptive,V4_CAUSAL_7_EXPERTS_RIDGE_ANCHOR20,disabled,2014-02-07,neutral,0.01661331485942876,-0.018348595256370226,-0.018640197206878817,0.2713178294573643,0.08325102826143627,0.40310077519379844,0.5038759689922481,2014-01-06,2014-01-07,"{""long_momentum"": 0.1274128855138695, ""mean_reversion"": 0.11719918742091638, ""medium_momentum"": 0.12641367239222479, ""ridge"": 0.12744803330227145, ""risk_adjusted"": 0.12672721755844046, ""short_momentum"": 0.123554717681236, ""trend"": 0.1274543809615425, ""volume_momentum"": 0.12378990516949888}",0.020221376441543256,0.49806479360978895,-0.024187817087200893,0.025425070061148067,3163.TWO,2014-02-07,2014-02-10
0.0402829875282285,711000,0,-0.0018990715204854408,-0.0018990715204854408,0.06548350092892408,D-1 estimated accounting; fill-day constraints require ledger audit,adaptive,V4_CAUSAL_7_EXPERTS_RIDGE_ANCHOR20,disabled,2014-02-07,neutral,0.01661331485942876,-0.018348595256370226,-0.018640197206878817,0.2713178294573643,0.08325102826143627,0.40310077519379844,0.5038759689922481,2014-01-06,2014-01-07,"{""long_momentum"": 0.1274128855138695, ""mean_reversion"": 0.11719918742091638, ""medium_momentum"": 0.12641367239222479, ""ridge"": 0.12744803330227145, ""risk_adjusted"": 0.12672721755844046, ""short_momentum"": 0.123554717681236, ""trend"": 0.1274543809615425, ""volume_momentum"": 0.12378990516949888}",0.02005936731899868,0.2558797875258853,-0.022656336816158102,0.02474703128945963,3293.TWO,2014-02-07,2014-02-10
0.04325741236599832,511000,0,-0.00018243007876162266,-0.00018243007876162266,0.10072034885742036,D-1 estimated accounting; fill-day constraints require ledger audit,adaptive,V4_CAUSAL_7_EXPERTS_RIDGE_ANCHOR20,disabled,2014-02-07,neutral,0.01661331485942876,-0.018348595256370226,-0.018640197206878817,0.2713178294573643,0.08325102826143627,0.40310077519379844,0.5038759689922481,2014-01-06,2014-01-07,"{""long_momentum"": 0.1274128855138695, ""mean_reversion"": 0.11719918742091638, ""medium_momentum"": 0.12641367239222479, ""ridge"": 0.12744803330227145, ""risk_adjusted"": 0.12672721755844046, ""short_momentum"": 0.123554717681236, ""trend"": 0.1274543809615425, ""volume_momentum"": 0.12378990516949888}",0.020118350537139167,0.49171979385538006,-0.021390798099402652,0.026914775456151816,3653.TW,2014-02-07,2014-02-10
0.0410540763558858,763000,0,-0.0013843621199879095,-0.0013843621199879095,0.12353795261422186,D-1 estimated accounting; fill-day constraints require ledger audit,adaptive,V4_CAUSAL_7_EXPERTS_RIDGE_ANCHOR20,disabled,2014-02-07,neutral,0.01661331485942876,-0.018348595256370226,-0.018640197206878817,0.2713178294573643,0.08325102826143627,0.40310077519379844,0.5038759689922481,2014-01-06,2014-01-07,"{""long_momentum"": 0.1274128855138695, ""mean_reversion"": 0.11719918742091638, ""medium_momentum"": 0.12641367239222479, ""ridge"": 0.12744803330227145, ""risk_adjusted"": 0.12672721755844046, ""short_momentum"": 0.123554717681236, ""trend"": 0.1274543809615425, ""volume_momentum"": 0.12378990516949888}",0.02001220626979263,0.5107758541304281,-0.021709154947780335,0.024829268222076928,3680.TWO,2014-02-07,2014-02-10
0.039379555218682215,176000,0,-0.002405199487922551,-0.002405199487922551,0.13156461370860326,D-1 estimated accounting; fill-day constraints require ledger audit,adaptive,V4_CAUSAL_7_EXPERTS_RIDGE_ANCHOR20,disabled,2014-02-07,neutral,0.01661331485942876,-0.018348595256370226,-0.018640197206878817,0.2713178294573643,0.08325102826143627,0.40310077519379844,0.5038759689922481,2014-01-06,2014-01-07,"{""long_momentum"": 0.1274128855138695, ""mean_reversion"": 0.11719918742091638, ""medium_momentum"": 0.12641367239222479, ""ridge"": 0.12744803330227145, ""risk_adjusted"": 0.12672721755844046, ""short_momentum"": 0.123554717681236, ""trend"": 0.1274543809615425, ""volume_momentum"": 0.12378990516949888}",0.020190424400323797,0.4902781623677181,-0.024084049875582804,0.025162488414010115,4966.TWO,2014-02-07,2014-02-10
0.03784586502937201,935000,0,-0.0031116128479095418,-0.0031116128479095418,0.1410338670824593,D-1 estimated accounting; fill-day constraints require ledger audit,adaptive,V4_CAUSAL_7_EXPERTS_RIDGE_ANCHOR20,disabled,2014-02-07,neutral,0.01661331485942876,-0.018348595256370226,-0.018640197206878817,0.2713178294573643,0.08325102826143627,0.40310077519379844,0.5038759689922481,2014-01-06,2014-01-07,"{""long_momentum"": 0.1274128855138695, ""mean_reversion"": 0.11719918742091638, ""medium_momentum"": 0.12641367239222479, ""ridge"": 0.12744803330227145, ""risk_adjusted"": 0.12672721755844046, ""short_momentum"": 0.123554717681236, ""trend"": 0.1274543809615425, ""volume_momentum"": 0.12378990516949888}",0.020534760271636403,0.49806479360978895,-0.026474100049531886,0.026139711867985214,4979.TWO,2014-02-07,2014-02-10
0.0473809486190945,813000,0,0.0007206306037433447,0.0007206306037433447,0.11317218534946553,D-1 estimated accounting; fill-day constraints require ledger audit,adaptive,V4_CAUSAL_7_EXPERTS_RIDGE_ANCHOR20,disabled,2014-02-07,neutral,0.01661331485942876,-0.018348595256370226,-0.018640197206878817,0.2713178294573643,0.08325102826143627,0.40310077519379844,0.5038759689922481,2014-01-06,2014-01-07,"{""long_momentum"": 0.1274128855138695, ""mean_reversion"": 0.11719918742091638, ""medium_momentum"": 0.12641367239222479, ""ridge"": 0.12744803330227145, ""risk_adjusted"": 0.12672721755844046, ""short_momentum"": 0.123554717681236, ""trend"": 0.1274543809615425, ""volume_momentum"": 0.12378990516949888}",0.020464349726100593,0.5180218148191693,-0.02234472892776945,0.029674827649528546,5483.TWO,2014-02-07,2014-02-10
0.05065962624270471,1802000,0,0.0025809640481576526,0.0025809640481576526,0.06847815598150812,D-1 estimated accounting; fill-day constraints require ledger audit,adaptive,V4_CAUSAL_7_EXPERTS_RIDGE_ANCHOR20,disabled,2014-02-07,neutral,0.01661331485942876,-0.018348595256370226,-0.018640197206878817,0.2713178294573643,0.08325102826143627,0.40310077519379844,0.5038759689922481,2014-01-06,2014-01-07,"{""long_momentum"": 0.1274128855138695, ""mean_reversion"": 0.11719918742091638, ""medium_momentum"": 0.12641367239222479, ""ridge"": 0.12744803330227145, ""risk_adjusted"": 0.12672721755844046, ""short_momentum"": 0.123554717681236, ""trend"": 0.1274543809615425, ""volume_momentum"": 0.12378990516949888}",0.020141522302838496,0.2504146876939873,-0.018786503534920892,0.029837269145508608,6274.TWO,2014-02-07,2014-02-10
0.046130775370536094,1525000,0,0.002391212454192026,0.002391212454192026,0.19220101493898678,D-1 estimated accounting; fill-day constraints require ledger audit,adaptive,V4_CAUSAL_7_EXPERTS_RIDGE_ANCHOR20,disabled,2014-02-07,neutral,0.01661331485942876,-0.018348595256370226,-0.018640197206878817,0.2713178294573643,0.08325102826143627,0.40310077519379844,0.5038759689922481,2014-01-06,2014-01-07,"{""long_momentum"": 0.1274128855138695, ""mean_reversion"": 0.11719918742091638, ""medium_momentum"": 0.12641367239222479, ""ridge"": 0.12744803330227145, ""risk_adjusted"": 0.12672721755844046, ""short_momentum"": 0.123554717681236, ""trend"": 0.1274543809615425, ""volume_momentum"": 0.12378990516949888}",0.02205048570028979,0.765601625158167,-0.025431234245555462,0.03610249666821193,6290.TWO,2014-02-07,2014-02-10
0.04043355110929459,1106000,0,-0.001918941420610629,-0.001918941420610629,0.13123452886895937,D-1 estimated accounting; fill-day constraints require ledger audit,adaptive,V4_CAUSAL_7_EXPERTS_RIDGE_ANCHOR20,disabled,2014-02-07,neutral,0.01661331485942876,-0.018348595256370226,-0.018640197206878817,0.2713178294573643,0.08325102826143627,0.40310077519379844,0.5038759689922481,2014-01-06,2014-01-07,"{""long_momentum"": 0.1274128855138695, ""mean_reversion"": 0.11719918742091638, ""medium_momentum"": 0.12641367239222479, ""ridge"": 0.12744803330227145, ""risk_adjusted"": 0.12672721755844046, ""short_momentum"": 0.123554717681236, ""trend"": 0.1274543809615425, ""volume_momentum"": 0.12378990516949888}",0.02001016210304814,0.5107758541304281,-0.02222284474897818,0.02427379942202933,8046.TW,2014-02-07,2014-02-10
0.041388280920998714,2267000,0,-0.0007071299906772869,-0.0007071299906772869,0.026385274879206583,D-1 estimated accounting; fill-day constraints require ledger audit,adaptive,V4_CAUSAL_7_EXPERTS_RIDGE_ANCHOR20,disabled,2014-02-10,risk_off,0.0165755261825405,-0.02024295200799453,-0.013398143546773711,0.27906976744186046,0.0840336246498102,0.3798449612403101,0.4573643410852713,2014-01-06,2014-01-07,"{""long_momentum"": 0.1274128855138695, ""mean_reversion"": 0.11719918742091638, ""medium_momentum"": 0.12641367239222479, ""ridge"": 0.12744803330227145, ""risk_adjusted"": 0.12672721755844046, ""short_momentum"": 0.123554717681236, ""trend"": 0.1274543809615425, ""volume_momentum"": 0.12378990516949888}",0.020114486705362245,0.11937882183574716,-0.02188811552966292,0.026362693062580756,1519.TW,2014-02-10,2014-02-11
0.03700862833589693,1244000,0,-0.005387111012513405,-0.005387111012513405,0.2504617686094604,D-1 estimated accounting; fill-day constraints require ledger audit,adaptive,V4_CAUSAL_7_EXPERTS_RIDGE_ANCHOR20,disabled,2014-02-10,risk_off,0.0165755261825405,-0.02024295200799453,-0.013398143546773711,0.27906976744186046,0.0840336246498102,0.3798449612403101,0.4573643410852713,2014-01-06,2014-01-07,"{""long_momentum"": 0.1274128855138695, ""mean_reversion"": 0.11719918742091638, ""medium_momentum"": 0.12641367239222479, ""ridge"": 0.12744803330227145, ""risk_adjusted"": 0.12672721755844046, ""short_momentum"": 0.123554717681236, ""trend"": 0.1274543809615425, ""volume_momentum"": 0.12378990516949888}",0.020513721936993568,0.745103933395457,-0.028662592671022627,0.023777208160268223,1802.TW,2014-02-10,2014-02-11
0.04043851875187643,1528000,0,-0.0020117897237645756,-0.0020117897237645756,0.1288130839946334,D-1 estimated accounting; fill-day constraints require ledger audit,adaptive,V4_CAUSAL_7_EXPERTS_RIDGE_ANCHOR20,disabled,2014-02-10,risk_off,0.0165755261825405,-0.02024295200799453,-0.013398143546773711,0.27906976744186046,0.0840336246498102,0.3798449612403101,0.4573643410852713,2014-01-06,2014-01-07,"{""long_momentum"": 0.1274128855138695, ""mean_reversion"": 0.11719918742091638, ""medium_momentum"": 0.12641367239222479, ""ridge"": 0.12744803330227145, ""risk_adjusted"": 0.12672721755844046, ""short_momentum"": 0.123554717681236, ""trend"": 0.1274543809615425, ""volume_momentum"": 0.12378990516949888}",0.02009595892655467,0.49799449803298507,-0.023057677816456963,0.02492293588320022,2002.TW,2014-02-10,2014-02-11
0.04656023942271929,871000,0,0.00022428002572850254,0.00022428002572850254,0.05380158629640978,D-1 estimated accounting; fill-day constraints require ledger audit,adaptive,V4_CAUSAL_7_EXPERTS_RIDGE_ANCHOR20,disabled,2014-02-10,risk_off,0.0165755261825405,-0.02024295200799453,-0.013398143546773711,0.27906976744186046,0.0840336246498102,0.3798449612403101,0.4573643410852713,2014-01-06,2014-01-07,"{""long_momentum"": 0.1274128855138695, ""mean_reversion"": 0.11719918742091638, ""medium_momentum"": 0.12641367239222479, ""ridge"": 0.12744803330227145, ""risk_adjusted"": 0.12672721755844046, ""short_momentum"": 0.123554717681236, ""trend"": 0.1274543809615425, ""volume_momentum"": 0.12378990516949888}",0.02032594414571514,0.2631257482146265,-0.02219771256355174,0.028535110129281158,2347.TW,2014-02-10,2014-02-11
0.0470348641473773,5733000,0,0.0029827944473898066,0.0029827944473898066,0.18627912843813363,D-1 estimated accounting; fill-day constraints require ledger audit,adaptive,V4_CAUSAL_7_EXPERTS_RIDGE_ANCHOR20,disabled,2014-02-10,risk_off,0.0165755261825405,-0.02024295200799453,-0.013398143546773711,0.27906976744186046,0.0840336246498102,0.3798449612403101,0.4573643410852713,2014-01-06,2014-01-07,"{""long_momentum"": 0.1274128855138695, ""mean_reversion"": 0.11719918742091638, ""medium_momentum"": 0.12641367239222479, ""ridge"": 0.12744803330227145, ""risk_adjusted"": 0.12672721755844046, ""short_momentum"": 0.123554717681236, ""trend"": 0.1274543809615425, ""volume_momentum"": 0.12378990516949888}",0.024826251061189564,0.765601625158167,-0.030196627125775238,0.04205105353482726,2368.TW,2014-02-10,2014-02-11
0.03835785050607901,199000,0,-0.003272817762530722,-0.003272817762530722,0.21722842943479687,D-1 estimated accounting; fill-day constraints require ledger audit,adaptive,V4_CAUSAL_7_EXPERTS_RIDGE_ANCHOR20,disabled,2014-02-10,risk_off,0.0165755261825405,-0.02024295200799453,-0.013398143546773711,0.27906976744186046,0.0840336246498102,0.3798449612403101,0.4573643410852713,2014-01-06,2014-01-07,"{""long_momentum"": 0.1274128855138695, ""mean_reversion"": 0.11719918742091638, ""medium_momentum"": 0.12641367239222479, ""ridge"": 0.12744803330227145, ""risk_adjusted"": 0.12672721755844046, ""short_momentum"": 0.123554717681236, ""trend"": 0.1274543809615425, ""volume_momentum"": 0.12378990516949888}",0.020103344009497648,0.745103933395457,-0.02437333727098946,0.023716539260200422,2395.TW,2014-02-10,2014-02-11
0.0400565988953889,4335000,0,-0.0025467294112644845,-0.0025467294112644845,0.20542169086768294,D-1 estimated accounting; fill-day constraints require ledger audit,adaptive,V4_CAUSAL_7_EXPERTS_RIDGE_ANCHOR20,disabled,2014-02-10,risk_off,0.0165755261825405,-0.02024295200799453,-0.013398143546773711,0.27906976744186046,0.0840336246498102,0.3798449612403101,0.4573643410852713,2014-01-06,2014-01-07,"{""long_momentum"": 0.1274128855138695, ""mean_reversion"": 0.11719918742091638, ""medium_momentum"": 0.12641367239222479, ""ridge"": 0.12744803330227145, ""risk_adjusted"": 0.12672721755844046, ""short_momentum"": 0.123554717681236, ""trend"": 0.1274543809615425, ""volume_momentum"": 0.12378990516949888}",0.02011277111963797,0.7528905646375279,-0.023715473055015604,0.024510851746759044,2409.TW,2014-02-10,2014-02-11
0.04346684701559045,2018000,0,-0.0004847402572032538,-0.0004847402572032538,0.002203853960793414,D-1 estimated accounting; fill-day constraints require ledger audit,adaptive,V4_CAUSAL_7_EXPERTS_RIDGE_ANCHOR20,disabled,2014-02-10,risk_off,0.0165755261825405,-0.02024295200799453,-0.013398143546773711,0.27906976744186046,0.0840336246498102,0.3798449612403101,0.4573643410852713,2014-01-06,2014-01-07,"{""long_momentum"": 0.1274128855138695, ""mean_reversion"": 0.11719918742091638, ""medium_momentum"": 0.12641367239222479, ""ridge"": 0.12744803330227145, ""risk_adjusted"": 0.12672721755844046, ""short_momentum"": 0.123554717681236, ""trend"": 0.1274543809615425, ""volume_momentum"": 0.12378990516949888}",0.020144937971601305,0.010298403430176961,-0.02187496966876302,0.026794326668628927,2449.TW,2014-02-10,2014-02-11
0.038680479444170246,2958000,0,-0.0028494277520783357,-0.0028494277520783357,0.17669988559050487,D-1 estimated accounting; fill-day constraints require ledger audit,adaptive,V4_CAUSAL_7_EXPERTS_RIDGE_ANCHOR20,disabled,2014-02-10,risk_off,0.0165755261825405,-0.02024295200799453,-0.013398143546773711,0.27906976744186046,0.0840336246498102,0.3798449612403101,0.4573643410852713,2014-01-06,2014-01-07,"{""long_momentum"": 0.1274128855138695, ""mean_reversion"": 0.11719918742091638, ""medium_momentum"": 0.12641367239222479, ""ridge"": 0.12744803330227145, ""risk_adjusted"": 0.12672721755844046, ""short_momentum"": 0.123554717681236, ""trend"": 0.1274543809615425, ""volume_momentum"": 0.12378990516949888}",0.020043589395291595,0.6279047459745406,-0.02347110610517792,0.02366108811529366,2609.TW,2014-02-10,2014-02-11
0.039109574650032064,2318000,0,-0.003106329522295871,-0.003106329522295871,0.14077238203086448,D-1 estimated accounting; fill-day constraints require ledger audit,adaptive,V4_CAUSAL_7_EXPERTS_RIDGE_ANCHOR20,disabled,2014-02-10,risk_off,0.0165755261825405,-0.02024295200799453,-0.013398143546773711,0.27906976744186046,0.0840336246498102,0.3798449612403101,0.4573643410852713,2014-01-06,2014-01-07,"{""long_momentum"": 0.1274128855138695, ""mean_reversion"": 0.11719918742091638, ""medium_momentum"": 0.12641367239222479, ""ridge"": 0.12744803330227145, ""risk_adjusted"": 0.12672721755844046, ""short_momentum"": 0.123554717681236, ""trend"": 0.1274543809615425, ""volume_momentum"": 0.12378990516949888}",0.02012617094691563,0.4902781623677181,-0.024369346235972877,0.024045524705653545,2885.TW,2014-02-10,2014-02-11
0.040974798033237614,2033000,0,-0.0027031913099820164,-0.0027031913099820164,0.20688964397856505,D-1 estimated accounting; fill-day constraints require ledger audit,adaptive,V4_CAUSAL_7_EXPERTS_RIDGE_ANCHOR20,disabled,2014-02-10,risk_off,0.0165755261825405,-0.02024295200799453,-0.013398143546773711,0.27906976744186046,0.0840336246498102,0.3798449612403101,0.4573643410852713,2014-01-06,2014-01-07,"{""long_momentum"": 0.1274128855138695, ""mean_reversion"": 0.11719918742091638, ""medium_momentum"": 0.12641367239222479, ""ridge"": 0.12744803330227145, ""risk_adjusted"": 0.12672721755844046, ""short_momentum"": 0.123554717681236, ""trend"": 0.1274543809615425, ""volume_momentum"": 0.12378990516949888}",0.020042129986217756,0.7451742289722609,-0.02331192155855847,0.023794376452866847,3017.TW,2014-02-10,2014-02-11
0.040421547726289114,1487000,0,-0.0019171735910358302,-0.0019171735910358302,0.19162967709646386,D-1 estimated accounting; fill-day constraints require ledger audit,adaptive,V4_CAUSAL_7_EXPERTS_RIDGE_ANCHOR20,disabled,2014-02-10,risk_off,0.0165755261825405,-0.02024295200799453,-0.013398143546773711,0.27906976744186046,0.0840336246498102,0.3798449612403101,0.4573643410852713,2014-01-06,2014-01-07,"{""long_momentum"": 0.1274128855138695, ""mean_reversion"": 0.11719918742091638, ""medium_momentum"": 0.12641367239222479, ""ridge"": 0.12744803330227145, ""risk_adjusted"": 0.12672721755844046, ""short_momentum"": 0.123554717681236, ""trend"": 0.1274543809615425, ""volume_momentum"": 0.12378990516949888}",0.01998105832933996,0.7451742289722609,-0.021895008115791606,0.023949498447992358,3105.TWO,2014-02-10,2014-02-11
0.037253452043387696,410000,0,-0.0019901570696646484,-0.0019901570696646484,0.2590206356144309,D-1 estimated accounting; fill-day constraints require ledger audit,adaptive,V4_CAUSAL_7_EXPERTS_RIDGE_ANCHOR20,disabled,2014-02-10,risk_off,0.0165755261825405,-0.02024295200799453,-0.013398143546773711,0.27906976744186046,0.0840336246498102,0.3798449612403101,0.4573643410852713,2014-01-06,2014-01-07,"{""long_momentum"": 0.1274128855138695, ""mean_reversion"": 0.11719918742091638, ""medium_momentum"": 0.12641367239222479, ""ridge"": 0.12744803330227145, ""risk_adjusted"": 0.12672721755844046, ""short_momentum"": 0.123554717681236, ""trend"": 0.1274543809615425, ""volume_momentum"": 0.12378990516949888}",0.019996716208146127,0.9999999999999998,-0.022150696303318673,0.024059219678261787,3163.TWO,2014-02-10,2014-02-11
0.040492815779359724,711000,0,-0.0028434838269892713,-0.0028434838269892713,0.0680191288149854,D-1 estimated accounting; fill-day constraints require ledger audit,adaptive,V4_CAUSAL_7_EXPERTS_RIDGE_ANCHOR20,disabled,2014-02-10,risk_off,0.0165755261825405,-0.02024295200799453,-0.013398143546773711,0.27906976744186046,0.0840336246498102,0.3798449612403101,0.4573643410852713,2014-01-06,2014-01-07,"{""long_momentum"": 0.1274128855138695, ""mean_reversion"": 0.11719918742091638, ""medium_momentum"": 0.12641367239222479, ""ridge"": 0.12744803330227145, ""risk_adjusted"": 0.12672721755844046, ""short_momentum"": 0.123554717681236, ""trend"": 0.1274543809615425, ""volume_momentum"": 0.12378990516949888}",0.0201970102328967,0.24316872700524605,-0.024562121172735762,0.024763991033029634,3293.TWO,2014-02-10,2014-02-11
0.04342962355765572,511000,0,-0.0005749364139444335,-0.0005749364139444335,0.05280706956202085,D-1 estimated accounting; fill-day constraints require ledger audit,adaptive,V4_CAUSAL_7_EXPERTS_RIDGE_ANCHOR20,disabled,2014-02-10,risk_off,0.0165755261825405,-0.02024295200799453,-0.013398143546773711,0.27906976744186046,0.0840336246498102,0.3798449612403101,0.4573643410852713,2014-01-06,2014-01-07,"{""long_momentum"": 0.1274128855138695, ""mean_reversion"": 0.11719918742091638, ""medium_momentum"": 0.12641367239222479, ""ridge"": 0.12744803330227145, ""risk_adjusted"": 0.12672721755844046, ""short_momentum"": 0.123554717681236, ""trend"": 0.1274543809615425, ""volume_momentum"": 0.12378990516949888}",0.020249014926292146,0.24461035849290802,-0.022593011079775138,0.027331975766158683,3653.TW,2014-02-10,2014-02-11
0.04157321895511791,763000,0,-0.0014007781634758272,-0.0014007781634758272,0.18105832051526494,D-1 estimated accounting; fill-day constraints require ledger audit,adaptive,V4_CAUSAL_7_EXPERTS_RIDGE_ANCHOR20,disabled,2014-02-10,risk_off,0.0165755261825405,-0.02024295200799453,-0.013398143546773711,0.27906976744186046,0.0840336246498102,0.3798449612403101,0.4573643410852713,2014-01-06,2014-01-07,"{""long_momentum"": 0.1274128855138695, ""mean_reversion"": 0.11719918742091638, ""medium_momentum"": 0.12641367239222479, ""ridge"": 0.12744803330227145, ""risk_adjusted"": 0.12672721755844046, ""short_momentum"": 0.123554717681236, ""trend"": 0.1274543809615425, ""volume_momentum"": 0.12378990516949888}",0.019942639356452255,0.7451742289722609,-0.02080385525219403,0.023891136439514783,3680.TWO,2014-02-10,2014-02-11
0.0383698994215262,176000,0,-0.0029864336216198525,-0.0029864336216198525,0.06602081296282314,D-1 estimated accounting; fill-day constraints require ledger audit,adaptive,V4_CAUSAL_7_EXPERTS_RIDGE_ANCHOR20,disabled,2014-02-10,risk_off,0.0165755261825405,-0.02024295200799453,-0.013398143546773711,0.27906976744186046,0.0840336246498102,0.3798449612403101,0.4573643410852713,2014-01-06,2014-01-07,"{""long_momentum"": 0.1274128855138695, ""mean_reversion"": 0.11719918742091638, ""medium_momentum"": 0.12641367239222479, ""ridge"": 0.12744803330227145, ""risk_adjusted"": 0.12672721755844046, ""short_momentum"": 0.123554717681236, ""trend"": 0.1274543809615425, ""volume_momentum"": 0.12378990516949888}",0.022966940723231424,0.2558797875258853,-0.03278230129704551,0.03269827156807822,4966.TWO,2014-02-10,2014-02-11
0.03750858141898435,935000,0,-0.002313845014818146,-0.002313845014818146,0.13616378824454833,D-1 estimated accounting; fill-day constraints require ledger audit,adaptive,V4_CAUSAL_7_EXPERTS_RIDGE_ANCHOR20,disabled,2014-02-10,risk_off,0.0165755261825405,-0.02024295200799453,-0.013398143546773711,0.27906976744186046,0.0840336246498102,0.3798449612403101,0.4573643410852713,2014-01-06,2014-01-07,"{""long_momentum"": 0.1274128855138695, ""mean_reversion"": 0.11719918742091638, ""medium_momentum"": 0.12641367239222479, ""ridge"": 0.12744803330227145, ""risk_adjusted"": 0.12672721755844046, ""short_momentum"": 0.123554717681236, ""trend"": 0.1274543809615425, ""volume_momentum"": 0.12378990516949888}",0.020121756495562734,0.5107758541304281,-0.023546138753853824,0.024807286238489944,4979.TWO,2014-02-10,2014-02-11
0.045463634301083175,813000,0,-0.0004094650194692778,-0.0004094650194692778,0.05136091757338728,D-1 estimated accounting; fill-day constraints require ledger audit,adaptive,V4_CAUSAL_7_EXPERTS_RIDGE_ANCHOR20,disabled,2014-02-10,risk_off,0.0165755261825405,-0.02024295200799453,-0.013398143546773711,0.27906976744186046,0.0840336246498102,0.3798449612403101,0.4573643410852713,2014-01-06,2014-01-07,"{""long_momentum"": 0.1274128855138695, ""mean_reversion"": 0.11719918742091638, ""medium_momentum"": 0.12641367239222479, ""ridge"": 0.12744803330227145, ""risk_adjusted"": 0.12672721755844046, ""short_momentum"": 0.123554717681236, ""trend"": 0.1274543809615425, ""volume_momentum"": 0.12378990516949888}",0.021540457707918265,0.2558797875258853,-0.026974038887008826,0.03204394636234268,5483.TWO,2014-02-10,2014-02-11
0.05009041783280391,1802000,0,0.001501852151647289,0.001501852151647289,0.061007991332563266,D-1 estimated accounting; fill-day constraints require ledger audit,adaptive,V4_CAUSAL_7_EXPERTS_RIDGE_ANCHOR20,disabled,2014-02-10,risk_off,0.0165755261825405,-0.02024295200799453,-0.013398143546773711,0.27906976744186046,0.0840336246498102,0.3798449612403101,0.4573643410852713,2014-01-06,2014-01-07,"{""long_momentum"": 0.1274128855138695, ""mean_reversion"": 0.11719918742091638, ""medium_momentum"": 0.12641367239222479, ""ridge"": 0.12744803330227145, ""risk_adjusted"": 0.12672721755844046, ""short_momentum"": 0.123554717681236, ""trend"": 0.1274543809615425, ""volume_momentum"": 0.12378990516949888}",0.020185787294010032,0.2504146876939873,-0.0201487037457313,0.02904124556329829,6274.TWO,2014-02-10,2014-02-11
0.047398536305959915,1525000,0,0.0036810139872916286,0.0036810139872916286,0.21810655277383426,D-1 estimated accounting; fill-day constraints require ledger audit,adaptive,V4_CAUSAL_7_EXPERTS_RIDGE_ANCHOR20,disabled,2014-02-10,risk_off,0.0165755261825405,-0.02024295200799453,-0.013398143546773711,0.27906976744186046,0.0840336246498102,0.3798449612403101,0.4573643410852713,2014-01-06,2014-01-07,"{""long_momentum"": 0.1274128855138695, ""mean_reversion"": 0.11719918742091638, ""medium_momentum"": 0.12641367239222479, ""ridge"": 0.12744803330227145, ""risk_adjusted"": 0.12672721755844046, ""short_momentum"": 0.123554717681236, ""trend"": 0.1274543809615425, ""volume_momentum"": 0.12378990516949888}",0.021791240661485613,0.765601625158167,-0.023520759116289387,0.036771624605145055,6290.TWO,2014-02-10,2014-02-11
0.040223304613197376,1106000,0,-0.0027717063365721804,-0.0027717063365721804,0.21393143046558383,D-1 estimated accounting; fill-day constraints require ledger audit,adaptive,V4_CAUSAL_7_EXPERTS_RIDGE_ANCHOR20,disabled,2014-02-10,risk_off,0.0165755261825405,-0.02024295200799453,-0.013398143546773711,0.27906976744186046,0.0840336246498102,0.3798449612403101,0.4573643410852713,2014-01-06,2014-01-07,"{""long_momentum"": 0.1274128855138695, ""mean_reversion"": 0.11719918742091638, ""medium_momentum"": 0.12641367239222479, ""ridge"": 0.12744803330227145, ""risk_adjusted"": 0.12672721755844046, ""short_momentum"": 0.123554717681236, ""trend"": 0.1274543809615425, ""volume_momentum"": 0.12378990516949888}",0.020041088578987905,0.765601625158167,-0.023371151946978197,0.02371657678810625,8046.TW,2014-02-10,2014-02-11
0.04023216411522021,2267000,0,-0.0012265980327004398,-0.0012265980327004398,0.12056147467502464,D-1 estimated accounting; fill-day constraints require ledger audit,adaptive,V4_CAUSAL_7_EXPERTS_RIDGE_ANCHOR20,disabled,2014-02-11,neutral,0.016591849607629095,-0.002383844743733987,-0.009230707529498061,0.46511627906976744,0.0891060364202936,0.4418604651162791,0.5271317829457365,2014-02-11,2014-01-07,"{""long_momentum"": 0.1274128855138695, ""mean_reversion"": 0.11719918742091638, ""medium_momentum"": 0.12641367239222479, ""ridge"": 0.12744803330227145, ""risk_adjusted"": 0.12672721755844046, ""short_momentum"": 0.123554717681236, ""trend"": 0.1274543809615425, ""volume_momentum"": 0.12378990516949888}",0.02014964060199446,0.5107055585536242,-0.02264789519677249,0.026083536645644022,1519.TW,2014-02-11,2014-02-12
0.03726583590119462,1244000,0,-0.004000733927233618,-0.004000733927233618,0.23110956174559882,D-1 estimated accounting; fill-day constraints require ledger audit,adaptive,V4_CAUSAL_7_EXPERTS_RIDGE_ANCHOR20,disabled,2014-02-11,neutral,0.016591849607629095,-0.002383844743733987,-0.009230707529498061,0.46511627906976744,0.0891060364202936,0.4418604651162791,0.5271317829457365,2014-02-11,2014-01-07,"{""long_momentum"": 0.1274128855138695, ""mean_reversion"": 0.11719918742091638, ""medium_momentum"": 0.12641367239222479, ""ridge"": 0.12744803330227145, ""risk_adjusted"": 0.12672721755844046, ""short_momentum"": 0.123554717681236, ""trend"": 0.1274543809615425, ""volume_momentum"": 0.12378990516949888}",0.020321149587419898,0.7528905646375279,-0.026398689472535156,0.02428605913234033,1802.TW,2014-02-11,2014-02-12
0.04033048757256892,1528000,0,-0.001367592743281521,-0.001367592743281521,0.058530099922970175,D-1 estimated accounting; fill-day constraints require ledger audit,adaptive,V4_CAUSAL_7_EXPERTS_RIDGE_ANCHOR20,disabled,2014-02-11,neutral,0.016591849607629095,-0.002383844743733987,-0.009230707529498061,0.46511627906976744,0.0891060364202936,0.4418604651162791,0.5271317829457365,2014-02-11,2014-01-07,"{""long_momentum"": 0.1274128855138695, ""mean_reversion"": 0.11719918742091638, ""medium_momentum"": 0.12641367239222479, ""ridge"": 0.12744803330227145, ""risk_adjusted"": 0.12672721755844046, ""short_momentum"": 0.123554717681236, ""trend"": 0.1274543809615425, ""volume_momentum"": 0.12378990516949888}",0.020087161708007905,0.24316872700524605,-0.022346945744602383,0.025500597772311753,2002.TW,2014-02-11,2014-02-12
0.04519269438520858,871000,0,-2.099561757872881e-05,-2.099561757872881e-05,0.002062629426577734,D-1 estimated accounting; fill-day constraints require ledger audit,adaptive,V4_CAUSAL_7_EXPERTS_RIDGE_ANCHOR20,disabled,2014-02-11,neutral,0.016591849607629095,-0.002383844743733987,-0.009230707529498061,0.46511627906976744,0.0891060364202936,0.4418604651162791,0.5271317829457365,2014-02-11,2014-01-07,"{""long_momentum"": 0.1274128855138695, ""mean_reversion"": 0.11719918742091638, ""medium_momentum"": 0.12641367239222479, ""ridge"": 0.12744803330227145, ""risk_adjusted"": 0.12672721755844046, ""short_momentum"": 0.123554717681236, ""trend"": 0.1274543809615425, ""volume_momentum"": 0.12378990516949888}",0.020048092326526365,0.010298403430176961,-0.020682172128876165,0.02652901840799112,2347.TW,2014-02-11,2014-02-12
0.04751252298942293,5733000,0,0.005537566658825993,0.005537566658825993,0.2455169801648902,D-1 estimated accounting; fill-day constraints require ledger audit,adaptive,V4_CAUSAL_7_EXPERTS_RIDGE_ANCHOR20,disabled,2014-02-11,neutral,0.016591849607629095,-0.002383844743733987,-0.009230707529498061,0.46511627906976744,0.0891060364202936,0.4418604651162791,0.5271317829457365,2014-02-11,2014-01-07,"{""long_momentum"": 0.1274128855138695, ""mean_reversion"": 0.11719918742091638, ""medium_momentum"": 0.12641367239222479, ""ridge"": 0.12744803330227145, ""risk_adjusted"": 0.12672721755844046, ""short_momentum"": 0.123554717681236, ""trend"": 0.1274543809615425, ""volume_momentum"": 0.12378990516949888}",0.022321986084904714,0.765601625158167,-0.02290113716479507,0.03986510799671947,2368.TW,2014-02-11,2014-02-12
0.03793282380123933,199000,0,-0.0026769734647572084,-0.0026769734647572084,0.277119422302449,D-1 estimated accounting; fill-day constraints require ledger audit,adaptive,V4_CAUSAL_7_EXPERTS_RIDGE_ANCHOR20,disabled,2014-02-11,neutral,0.016591849607629095,-0.002383844743733987,-0.009230707529498061,0.46511627906976744,0.0891060364202936,0.4418604651162791,0.5271317829457365,2014-02-11,2014-01-07,"{""long_momentum"": 0.1274128855138695, ""mean_reversion"": 0.11719918742091638, ""medium_momentum"": 0.12641367239222479, ""ridge"": 0.12744803330227145, ""risk_adjusted"": 0.12672721755844046, ""short_momentum"": 0.123554717681236, ""trend"": 0.1274543809615425, ""volume_momentum"": 0.12378990516949888}",0.02002578876306865,0.9999999999999998,-0.0231353520477333,0.023670242632491297,2395.TW,2014-02-11,2014-02-12
0.0400272456252846,4335000,0,-0.0018393948849769895,-0.0018393948849769895,0.12525550094303556,D-1 estimated accounting; fill-day constraints require ledger audit,adaptive,V4_CAUSAL_7_EXPERTS_RIDGE_ANCHOR20,disabled,2014-02-11,neutral,0.016591849607629095,-0.002383844743733987,-0.009230707529498061,0.46511627906976744,0.0891060364202936,0.4418604651162791,0.5271317829457365,2014-02-11,2014-01-07,"{""long_momentum"": 0.1274128855138695, ""mean_reversion"": 0.11719918742091638, ""medium_momentum"": 0.12641367239222479, ""ridge"": 0.12744803330227145, ""risk_adjusted"": 0.12672721755844046, ""short_momentum"": 0.123554717681236, ""trend"": 0.1274543809615425, ""volume_momentum"": 0.12378990516949888}",0.020356710484887137,0.49806479360978895,-0.024412501873225516,0.02662254961754395,2409.TW,2014-02-11,2014-02-12
0.04330538223052587,2018000,0,0.0012852507769238496,0.0012852507769238496,0.05964006201927838,D-1 estimated accounting; fill-day constraints require ledger audit,adaptive,V4_CAUSAL_7_EXPERTS_RIDGE_ANCHOR20,disabled,2014-02-11,neutral,0.016591849607629095,-0.002383844743733987,-0.009230707529498061,0.46511627906976744,0.0891060364202936,0.4418604651162791,0.5271317829457365,2014-02-11,2014-01-07,"{""long_momentum"": 0.1274128855138695, ""mean_reversion"": 0.11719918742091638, ""medium_momentum"": 0.12641367239222479, ""ridge"": 0.12744803330227145, ""risk_adjusted"": 0.12672721755844046, ""short_momentum"": 0.123554717681236, ""trend"": 0.1274543809615425, ""volume_momentum"": 0.12378990516949888}",0.02010504891580643,0.2504146876939873,-0.019827729838313792,0.028287068906433902,2449.TW,2014-02-11,2014-02-12
0.03850456402944184,2958000,0,-0.0029136847393488883,-0.0029136847393488883,0.28328579691479405,D-1 estimated accounting; fill-day constraints require ledger audit,adaptive,V4_CAUSAL_7_EXPERTS_RIDGE_ANCHOR20,disabled,2014-02-11,neutral,0.016591849607629095,-0.002383844743733987,-0.009230707529498061,0.46511627906976744,0.0891060364202936,0.4418604651162791,0.5271317829457365,2014-02-11,2014-01-07,"{""long_momentum"": 0.1274128855138695, ""mean_reversion"": 0.11719918742091638, ""medium_momentum"": 0.12641367239222479, ""ridge"": 0.12744803330227145, ""risk_adjusted"": 0.12672721755844046, ""short_momentum"": 0.123554717681236, ""trend"": 0.1274543809615425, ""volume_momentum"": 0.12378990516949888}",0.02002165414998182,0.9999999999999998,-0.023332305570837604,0.02339377360641224,2609.TW,2014-02-11,2014-02-12
0.039251115637217025,2318000,0,-0.0022950621162764425,-0.0022950621162764425,0.13069486549532264,D-1 estimated accounting; fill-day constraints require ledger audit,adaptive,V4_CAUSAL_7_EXPERTS_RIDGE_ANCHOR20,disabled,2014-02-11,neutral,0.016591849607629095,-0.002383844743733987,-0.009230707529498061,0.46511627906976744,0.0891060364202936,0.4418604651162791,0.5271317829457365,2014-02-11,2014-01-07,"{""long_momentum"": 0.1274128855138695, ""mean_reversion"": 0.11719918742091638, ""medium_momentum"": 0.12641367239222479, ""ridge"": 0.12744803330227145, ""risk_adjusted"": 0.12672721755844046, ""short_momentum"": 0.123554717681236, ""trend"": 0.1274543809615425, ""volume_momentum"": 0.12378990516949888}",0.020505675070632026,0.49806479360978895,-0.025536879697362534,0.026835592979082057,2885.TW,2014-02-11,2014-02-12
0.040939264325424246,2033000,0,-0.0013075731142984453,-0.0013075731142984453,0.11913560659492448,D-1 estimated accounting; fill-day constraints require ledger audit,adaptive,V4_CAUSAL_7_EXPERTS_RIDGE_ANCHOR20,disabled,2014-02-11,neutral,0.016591849607629095,-0.002383844743733987,-0.009230707529498061,0.46511627906976744,0.0891060364202936,0.4418604651162791,0.5271317829457365,2014-02-11,2014-01-07,"{""long_momentum"": 0.1274128855138695, ""mean_reversion"": 0.11719918742091638, ""medium_momentum"": 0.12641367239222479, ""ridge"": 0.12744803330227145, ""risk_adjusted"": 0.12672721755844046, ""short_momentum"": 0.123554717681236, ""trend"": 0.1274543809615425, ""volume_momentum"": 0.12378990516949888}",0.020062209951762257,0.49806479360978895,-0.022088471477275086,0.025362162762950606,3017.TW,2014-02-11,2014-02-12
0.04038303012332895,1487000,0,-0.0013761187635822935,-0.0013761187635822935,0.09209642175480738,D-1 estimated accounting; fill-day constraints require ledger audit,adaptive,V4_CAUSAL_7_EXPERTS_RIDGE_ANCHOR20,disabled,2014-02-11,neutral,0.016591849607629095,-0.002383844743733987,-0.009230707529498061,0.46511627906976744,0.0891060364202936,0.4418604651162791,0.5271317829457365,2014-02-11,2014-01-07,"{""long_momentum"": 0.1274128855138695, ""mean_reversion"": 0.11719918742091638, ""medium_momentum"": 0.12641367239222479, ""ridge"": 0.12744803330227145, ""risk_adjusted"": 0.12672721755844046, ""short_momentum"": 0.123554717681236, ""trend"": 0.1274543809615425, ""volume_momentum"": 0.12378990516949888}",0.019992379509774904,0.38086560618887255,-0.021487945788896894,0.024624545776004717,3105.TWO,2014-02-11,2014-02-12
0.03673047128505675,410000,0,-0.001577073809580143,-0.001577073809580143,0.18776970740070392,D-1 estimated accounting; fill-day constraints require ledger audit,adaptive,V4_CAUSAL_7_EXPERTS_RIDGE_ANCHOR20,disabled,2014-02-11,neutral,0.016591849607629095,-0.002383844743733987,-0.009230707529498061,0.46511627906976744,0.0891060364202936,0.4418604651162791,0.5271317829457365,2014-02-11,2014-01-07,"{""long_momentum"": 0.1274128855138695, ""mean_reversion"": 0.11719918742091638, ""medium_momentum"": 0.12641367239222479, ""ridge"": 0.12744803330227145, ""risk_adjusted"": 0.12672721755844046, ""short_momentum"": 0.123554717681236, ""trend"": 0.1274543809615425, ""volume_momentum"": 0.12378990516949888}",0.020239916359415015,0.765601625158167,-0.0235444982444505,0.02627918813956262,3163.TWO,2014-02-11,2014-02-12
0.040006513305787805,711000,0,-0.002391410284056436,-0.002391410284056436,0.16904725749132113,D-1 estimated accounting; fill-day constraints require ledger audit,adaptive,V4_CAUSAL_7_EXPERTS_RIDGE_ANCHOR20,disabled,2014-02-11,neutral,0.016591849607629095,-0.002383844743733987,-0.009230707529498061,0.46511627906976744,0.0891060364202936,0.4418604651162791,0.5271317829457365,2014-02-11,2014-01-07,"{""long_momentum"": 0.1274128855138695, ""mean_reversion"": 0.11719918742091638, ""medium_momentum"": 0.12641367239222479, ""ridge"": 0.12744803330227145, ""risk_adjusted"": 0.12672721755844046, ""short_momentum"": 0.123554717681236, ""trend"": 0.1274543809615425, ""volume_momentum"": 0.12378990516949888}",0.020066125845990962,0.6279750415513445,-0.023204497737300964,0.024310514683460505,3293.TWO,2014-02-11,2014-02-12
0.044103408761034024,511000,0,0.00034720913529082733,0.00034720913529082733,0.05317008305406516,D-1 estimated accounting; fill-day constraints require ledger audit,adaptive,V4_CAUSAL_7_EXPERTS_RIDGE_ANCHOR20,disabled,2014-02-11,neutral,0.016591849607629095,-0.002383844743733987,-0.009230707529498061,0.46511627906976744,0.0891060364202936,0.4418604651162791,0.5271317829457365,2014-02-11,2014-01-07,"{""long_momentum"": 0.1274128855138695, ""mean_reversion"": 0.11719918742091638, ""medium_momentum"": 0.12641367239222479, ""ridge"": 0.12744803330227145, ""risk_adjusted"": 0.12672721755844046, ""short_momentum"": 0.123554717681236, ""trend"": 0.1274543809615425, ""volume_momentum"": 0.12378990516949888}",0.021114822213293125,0.2631257482146265,-0.025024827774457043,0.031608083559311106,3653.TW,2014-02-11,2014-02-12
0.04192117707373504,763000,0,-0.00040497145545282493,-0.00040497145545282493,0.10564712720983528,D-1 estimated accounting; fill-day constraints require ledger audit,adaptive,V4_CAUSAL_7_EXPERTS_RIDGE_ANCHOR20,disabled,2014-02-11,neutral,0.016591849607629095,-0.002383844743733987,-0.009230707529498061,0.46511627906976744,0.0891060364202936,0.4418604651162791,0.5271317829457365,2014-02-11,2014-01-07,"{""long_momentum"": 0.1274128855138695, ""mean_reversion"": 0.11719918742091638, ""medium_momentum"": 0.12641367239222479, ""ridge"": 0.12744803330227145, ""risk_adjusted"": 0.12672721755844046, ""short_momentum"": 0.123554717681236, ""trend"": 0.1274543809615425, ""volume_momentum"": 0.12378990516949888}",0.02007632712335317,0.49806479360978895,-0.021300027253805774,0.026378921857172534,3680.TWO,2014-02-11,2014-02-12
0.03822565891723137,176000,0,-0.0018724980235210035,-0.0018724980235210035,0.06256553457375927,D-1 estimated accounting; fill-day constraints require ledger audit,adaptive,V4_CAUSAL_7_EXPERTS_RIDGE_ANCHOR20,disabled,2014-02-11,neutral,0.016591849607629095,-0.002383844743733987,-0.009230707529498061,0.46511627906976744,0.0891060364202936,0.4418604651162791,0.5271317829457365,2014-02-11,2014-01-07,"{""long_momentum"": 0.1274128855138695, ""mean_reversion"": 0.11719918742091638, ""medium_momentum"": 0.12641367239222479, ""ridge"": 0.12744803330227145, ""risk_adjusted"": 0.12672721755844046, ""short_momentum"": 0.123554717681236, ""trend"": 0.1274543809615425, ""volume_momentum"": 0.12378990516949888}",0.02123456357214817,0.2558797875258853,-0.027597069019117047,0.029740910486347444,4966.TWO,2014-02-11,2014-02-12
0.037572626440683154,935000,0,-0.0014088038669030803,-0.0014088038669030803,0.06380648490030472,D-1 estimated accounting; fill-day constraints require ledger audit,adaptive,V4_CAUSAL_7_EXPERTS_RIDGE_ANCHOR20,disabled,2014-02-11,neutral,0.016591849607629095,-0.002383844743733987,-0.009230707529498061,0.46511627906976744,0.0891060364202936,0.4418604651162791,0.5271317829457365,2014-02-11,2014-01-07,"{""long_momentum"": 0.1274128855138695, ""mean_reversion"": 0.11719918742091638, ""medium_momentum"": 0.12641367239222479, ""ridge"": 0.12744803330227145, ""risk_adjusted"": 0.12672721755844046, ""short_momentum"": 0.123554717681236, ""trend"": 0.1274543809615425, ""volume_momentum"": 0.12378990516949888}",0.02007418398006566,0.26366641876795616,-0.022286856925629702,0.02535808670609595,4979.TWO,2014-02-11,2014-02-12
0.04458379053377861,813000,0,-0.0005411585211124477,-0.0005411585211124477,0.10049100813036463,D-1 estimated accounting; fill-day constraints require ledger audit,adaptive,V4_CAUSAL_7_EXPERTS_RIDGE_ANCHOR20,disabled,2014-02-11,neutral,0.016591849607629095,-0.002383844743733987,-0.009230707529498061,0.46511627906976744,0.0891060364202936,0.4418604651162791,0.5271317829457365,2014-02-11,2014-01-07,"{""long_momentum"": 0.1274128855138695, ""mean_reversion"": 0.11719918742091638, ""medium_momentum"": 0.12641367239222479, ""ridge"": 0.12744803330227145, ""risk_adjusted"": 0.12672721755844046, ""short_momentum"": 0.123554717681236, ""trend"": 0.1274543809615425, ""volume_momentum"": 0.12378990516949888}",0.022623450722548854,0.5107758541304281,-0.02963077605390042,0.03443729652594793,5483.TWO,2014-02-11,2014-02-12
0.053058443874531146,1802000,0,0.0029323650132054924,0.0029323650132054924,0.2115271708793916,D-1 estimated accounting; fill-day constraints require ledger audit,adaptive,V4_CAUSAL_7_EXPERTS_RIDGE_ANCHOR20,disabled,2014-02-11,neutral,0.016591849607629095,-0.002383844743733987,-0.009230707529498061,0.46511627906976744,0.0891060364202936,0.4418604651162791,0.5271317829457365,2014-02-11,2014-01-07,"{""long_momentum"": 0.1274128855138695, ""mean_reversion"": 0.11719918742091638, ""medium_momentum"": 0.12641367239222479, ""ridge"": 0.12744803330227145, ""risk_adjusted"": 0.12672721755844046, ""short_momentum"": 0.123554717681236, ""trend"": 0.1274543809615425, ""volume_momentum"": 0.12378990516949888}",0.020778043773572192,0.765601625158167,-0.021349500039367707,0.033103067580051104,6274.TWO,2014-02-11,2014-02-12
0.04854977445713604,1525000,0,0.005314559358354432,0.005314559358354432,0.2302369522799674,D-1 estimated accounting; fill-day constraints require ledger audit,adaptive,V4_CAUSAL_7_EXPERTS_RIDGE_ANCHOR20,disabled,2014-02-11,neutral,0.016591849607629095,-0.002383844743733987,-0.009230707529498061,0.46511627906976744,0.0891060364202936,0.4418604651162791,0.5271317829457365,2014-02-11,2014-01-07,"{""long_momentum"": 0.1274128855138695, ""mean_reversion"": 0.11719918742091638, ""medium_momentum"": 0.12641367239222479, ""ridge"": 0.12744803330227145, ""risk_adjusted"": 0.12672721755844046, ""short_momentum"": 0.123554717681236, ""trend"": 0.1274543809615425, ""volume_momentum"": 0.12378990516949888}",0.023984206888099338,0.765601625158167,-0.02640680208799566,0.042924758318976936,6290.TWO,2014-02-11,2014-02-12
0.04039024932236904,1106000,0,-0.0020206133291681117,-0.0020206133291681117,0.19569528461236063,D-1 estimated accounting; fill-day constraints require ledger audit,adaptive,V4_CAUSAL_7_EXPERTS_RIDGE_ANCHOR20,disabled,2014-02-11,neutral,0.016591849607629095,-0.002383844743733987,-0.009230707529498061,0.46511627906976744,0.0891060364202936,0.4418604651162791,0.5271317829457365,2014-02-11,2014-01-07,"{""long_momentum"": 0.1274128855138695, ""mean_reversion"": 0.11719918742091638, ""medium_momentum"": 0.12641367239222479, ""ridge"": 0.12744803330227145, ""risk_adjusted"": 0.12672721755844046, ""short_momentum"": 0.123554717681236, ""trend"": 0.1274543809615425, ""volume_momentum"": 0.12378990516949888}",0.019989508779646725,0.7528905646375279,-0.022099443198310066,0.023947054054246256,8046.TW,2014-02-11,2014-02-12
